20011112;12729;12767;12233;12567;0
20011113;12591;13094;12591;12918;0
20011114;12928;13077;12746;12826;0
20011116;12838;13046;12807;12883;0
20011119;12906;13137;12902;12987;0
20011120;12992;12998;12619;12638;0
20011121;12646;12832;12560;12794;0
20011122;12794;13056;12794;13019;0
20011123;13037;13529;13037;13424;0
20011126;13443;13760;13443;13760;0
20011127;13771;13791;13490;13603;0
20011128;13553;13553;12913;13019;0
20011129;13019;13187;12622;12736;0
20011130;12744;13053;12704;12932;0
20011203;12914;13336;12870;13336;0
20011204;13374;13565;13071;13147;0
20011205;13186;13382;13103;13382;0
20011206;13382;13575;13230;13539;0
20011207;13565;13662;13233;13299;0
20011210;13299;13446;13193;13446;0
20011211;13455;13595;13337;13348;0
20011212;13350;13576;13297;13563;0
20011213;13577;13580;13144;13148;0
20011214;13129;13154;12894;12959;0
20011217;12965;13063;12912;12912;0
20011218;12935;13414;12924;13397;0
20011219;13405;13508;13284;13290;0
20011220;13271;13271;12809;12918;0
20011221;12935;13385;12935;13369;0
20011226;13367;13446;13245;13358;0
20011227;13371;13823;13369;13756;0
20011228;13741;13969;13510;13578;0
20020102;13586;13902;13571;13872;0
20020103;14125;14286;14121;14265;0
20020104;14250;14358;14103;14332;0
20020107;14327;14413;14273;14379;0
20020108;14385;14385;14099;14168;0
20020109;14157;14190;13919;14021;0
20020110;14010;14010;13511;13570;0
20020111;13554;13835;13554;13587;0
20020114;13594;13601;13068;13122;0
20020115;13131;13362;12937;13011;0
20020116;13006;13186;12941;13084;0
20020117;13109;13359;13109;13337;0
20020118;13340;13407;13262;13373;0
20020121;13367;13367;13134;13155;0
20020122;13177;13331;12956;13004;0
20020123;13025;13285;12982;13232;0
20020124;13239;13309;13147;13162;0
20020128;13161;13215;12990;13002;0
20020129;13010;13182;12476;12501;0
20020130;12512;12627;12301;12532;0
20020131;12563;12812;12561;12721;0
20020204;12648;12655;12416;12513;0
20020205;12557;12778;12415;12748;0
20020206;12751;12883;12666;12751;0
20020207;12752;12774;12684;12684;0
20020208;12684;12693;12591;12598;0
20020213;12599;12961;12504;12961;0
20020214;12962;13245;12908;13245;0
20020215;13222;13300;13169;13300;0
20020218;13208;13238;13027;13122;0
20020219;13125;13245;12984;12992;0
20020220;13001;13330;12919;13303;0
20020221;13328;13677;13328;13530;0
20020222;13535;13641;13513;13563;0
20020225;13567;14005;13567;13978;0
20020226;13975;14053;13832;13964;0
20020227;13978;14251;13978;14212;0
20020228;14216;14221;14033;14033;0
20020301;14047;14355;13978;14343;0
20020304;14373;14474;14100;14471;0
20020305;14455;14482;14011;14011;0
20020306;14007;14007;13683;13839;0
20020307;13836;14011;13640;13726;0
20020308;13783;13962;13767;13962;0
20020311;13959;14032;13593;13696;0
20020312;13717;14213;13710;14181;0
20020313;14191;14352;14100;14244;0
20020314;14240;14337;14025;14117;0
20020315;14120;14370;14089;14365;0
20020318;14366;14495;14217;14245;0
20020319;14266;14330;14069;14118;0
20020320;14123;14158;13895;14090;0
20020321;14086;14086;13662;13717;0
20020322;13723;13726;13283;13312;0
20020325;13359;13430;13183;13278;0
20020326;13309;13570;13309;13570;0
20020327;13569;13579;13425;13425;0
20020328;13428;13498;13226;13255;0
20020401;13256;13499;13068;13467;0
20020402;13482;13535;13245;13245;0
20020403;13280;13345;13061;13085;0
20020404;13090;13370;13041;13360;0
20020405;13362;13445;13233;13276;0
20020408;13248;13248;13114;13160;0
20020409;13165;13243;13147;13195;0
20020410;13183;13445;13182;13416;0
20020411;13419;13559;13385;13411;0
20020412;13418;13764;13418;13751;0
20020415;13772;13822;13438;13472;0
20020416;13476;13693;13476;13623;0
20020417;13633;13872;13633;13732;0
20020418;13729;13729;13446;13573;0
20020419;13568;13631;13448;13478;0
20020422;13484;13485;13056;13224;0
20020423;13224;13302;13076;13188;0
20020424;13182;13394;13176;13381;0
20020425;13384;13384;13113;13273;0
20020426;13273;13367;13037;13076;0
20020429;13076;13142;13032;13090;0
20020430;13096;13267;13065;13085;0
20020502;13088;13090;12510;12538;0
20020503;12557;12679;12431;12610;0
20020506;12594;12595;12272;12430;0
20020507;12433;12631;12291;12342;0
20020508;12353;12664;12353;12617;0
20020509;12602;12603;12077;12102;0
20020510;12106;12180;11944;12130;0
20020513;12147;12212;11943;12002;0
20020514;11999;12327;11999;12204;0
20020515;12207;12468;12114;12350;0
20020516;12396;12691;12396;12660;0
20020517;12665;12739;12563;12699;0
20020520;12700;12770;12606;12668;0
20020521;12674;12774;12627;12701;0
20020522;12697;12845;12352;12368;0
20020523;12380;12561;12244;12556;0
20020524;12544;12689;12445;12574;0
20020527;12578;12708;12528;12698;0
20020528;12703;12861;12703;12728;0
20020529;12728;13003;12720;12985;0
20020531;12992;13013;12861;12861;0
20020603;12859;12919;12641;12659;0
20020604;12637;12642;12493;12600;0
20020605;12580;12707;12574;12590;0
20020606;12591;12595;12113;12113;0
20020607;12051;12310;11955;12283;0
20020610;12306;12600;12304;12600;0
20020611;12609;12686;12170;12210;0
20020612;12221;12400;12058;12133;0
20020613;12133;12313;11962;11962;0
20020614;11985;11985;11601;11699;0
20020617;11705;11955;11705;11937;0
20020618;11942;12116;11809;11821;0
20020619;11822;11901;11485;11493;0
20020620;11508;11603;10894;10909;0
20020621;10917;11010;10298;10398;0
20020624;10438;10814;10247;10759;0
20020625;10773;10973;10597;10706;0
20020626;10676;10694;10430;10691;0
20020627;10690;11013;10690;11013;0
20020628;11018;11271;11018;11139;0
20020701;11138;11173;10853;10892;0
20020702;10891;10908;10711;10846;98006400
20020703;10854;10868;10520;10636;98006400
20020704;10661;10721;10594;10655;98006400
20020705;10663;10668;10425;10524;0
20020708;10524;10708;10506;10687;0
20020710;10690;10851;10539;10556;0
20020711;10545;10810;10467;10806;0
20020712;10811;10968;10213;10967;0
20020715;10966;10969;10474;10633;0
20020716;10646;10743;10522;10578;0
20020717;10589;10814;10589;10755;0
20020718;10755;10915;10710;10813;0
20020719;10813;10813;10545;10583;0
20020722;10568;10568;9879;9892;0
20020723;9900;10082;9603;9746;0
20020724;9739;9973;9423;9937;0
20020725;9947;9947;9486;9666;0
20020726;9672;9778;9155;9217;0
20020729;9251;9673;9240;9240;0
20020730;9247;9613;9188;9342;0
20020731;9346;9896;9344;9763;0
20020801;9782;9864;9537;9760;0
20020802;9768;9943;9738;9852;0
20020805;9848;9848;9452;9470;0
20020806;9472;9795;9471;9755;0
20020807;9766;10763;9649;9870;0
20020808;9911;10420;9911;10316;0
20020809;10315;10315;9971;9986;0
20020812;10008;10009;9687;9724;0
20020813;9724;9842;9444;9444;0
20020814;9461;9587;9017;9343;0
20020815;9373;9473;9161;9183;0
20020816;9213;9539;9213;9526;0
20020819;9512;9657;9404;9417;0
20020820;9455;9552;9258;9263;0
20020821;9270;9495;9270;9438;0
20020822;9441;9703;9412;9703;0
20020823;9710;9761;9594;9676;0
20020826;9690;10100;9689;10098;0
20020827;10118;10389;10118;10372;0
20020828;10383;10436;10231;10380;0
20020829;10351;10519;10175;10455;0
20020830;10465;10604;10382;10382;0
20020902;10383;10477;10312;10378;0
20020903;10365;10372;10065;10136;0
20020904;10167;10174;9921;9997;0
20020905;9993;9993;9709;9723;0
20020906;9739;9882;9643;9717;0
20020909;9725;9955;9716;9954;0
20020910;9962;10052;9841;9960;0
20020911;9967;10248;9967;10182;0
20020912;10182;10188;10032;10173;0
20020913;10156;10219;10086;10181;0
20020916;10171;10172;9822;9831;0
20020917;9855;9943;9613;9650;0
20020918;9626;9638;9399;9505;0
20020919;9512;9626;9353;9372;0
20020920;9375;9638;9375;9585;0
20020923;9575;9575;9137;9264;0
20020924;9245;9341;9069;9148;0
20020925;9207;9357;9207;9228;0
20020926;9251;9386;9170;9199;0
20020927;9200;9202;8703;8716;0
20020930;8718;8720;8352;8623;0
20021001;8642;9021;8637;8998;0
20021002;9011;9132;8811;8820;0
20021003;8852;9170;8807;9140;0
20021004;9151;9319;9092;9260;0
20021007;9268;9288;8841;8863;0
20021008;8870;8909;8691;8847;0
20021009;8838;9291;8604;8715;0
20021010;8708;8932;8707;8866;0
20021011;8864;9042;8832;8855;0
20021014;8853;8853;8430;8451;0
20021015;8452;8622;8446;8507;0
20021016;8510;8513;8225;8371;0
20021017;8397;8920;8397;8902;0
20021018;8902;9081;8873;9022;0
20021021;9022;9161;8979;9128;0
20021022;9099;9331;8982;9331;0
20021023;9342;9840;9263;9840;0
20021024;9832;10107;9763;9799;0
20021025;9807;10598;9698;10015;0
20021028;10022;10092;9573;9574;0
20021029;9570;9656;9439;9601;0
20021030;9602;10097;9602;10069;0
20021031;10099;10241;9733;10168;0
20021101;10172;10266;10043;10140;0
20021104;10147;10378;9913;9913;0
20021105;9904;10034;9825;9861;0
20021106;9857;9861;9583;9703;0
20021107;9734;9893;9618;9799;0
20021108;9859;10030;9857;9860;0
20021111;9873;9977;9868;9886;0
20021112;9864;9871;9647;9721;0
20021113;9721;9813;9569;9764;0
20021114;9762;9904;9738;9884;0
20021118;9910;10100;9910;9971;0
20021119;9971;10052;9839;9971;0
20021120;9983;10112;9901;10088;0
20021121;10105;10318;10086;10289;0
20021122;10288;10433;10124;10404;0
20021125;10407;10447;10234;10246;0
20021126;10243;10283;10084;10132;0
20021127;10142;10286;10123;10226;0
20021128;10222;10292;10187;10239;0
20021129;10250;10519;10250;10509;0
20021202;10517;10735;10517;10674;0
20021203;10672;10674;10576;10663;0
20021204;10664;10681;10505;10640;0
20021205;10645;10651;10346;10413;0
20021206;10414;10575;10412;10569;0
20021209;10562;10562;10339;10339;0
20021210;10345;10497;10307;10331;0
20021211;10340;10652;10340;10614;0
20021212;10617;10743;10569;10587;0
20021213;10598;10648;10494;10564;0
20021216;10620;10798;10611;10771;0
20021217;10778;10948;10526;10833;0
20021218;10833;11007;10723;10985;0
20021219;10987;11222;10984;11208;0
20021220;11275;11606;11262;11490;0
20021223;11493;11648;11384;11470;0
20021226;11475;11475;11301;11318;0
20021227;11326;11326;11207;11234;0
20021230;11235;11325;11212;11268;0
20030102;11291;11603;11291;11603;0
20030103;11632;11798;11600;11600;0
20030106;11636;12032;11633;12020;0
20030107;12010;12018;11842;11876;0
20030108;11875;11928;11757;11786;0
20030109;11814;11964;11780;11912;0
20030110;11925;12243;11925;12243;0
20030113;12243;12350;12095;12110;0
20030114;12131;12175;12052;12175;0
20030115;12151;12151;11899;11971;0
20030116;11973;12193;11921;11952;0
20030117;11952;11952;11555;11676;0
20030120;11675;11742;11545;11648;0
20030121;11610;11662;11434;11435;0
20030122;11428;11428;11132;11142;0
20030123;11148;11336;11027;11162;0
20030124;11157;11158;10753;10784;0
20030127;10768;10768;10462;10530;0
20030128;10534;10650;10495;10517;0
20030129;10514;10863;10457;10863;0
20030130;10873;11001;10705;10751;0
20030131;10761;11004;10741;10941;0
20030203;10943;11067;10852;10910;0
20030204;10879;10879;10534;10577;0
20030205;10581;10761;10497;10592;0
20030206;10587;10589;10360;10566;0
20030207;10567;10692;10355;10381;0
20030210;10388;10527;10310;10480;0
20030211;10491;10650;10475;10509;0
20030212;10512;10587;10445;10510;0
