20011112,2755.03,2762.48,2675.98,2732.36,991600000
20011113,2731.37,2802.08,2731.37,2785.56,1370100000
20011114,2784.65,2835.33,2756.39,2797.98,1443400000
20011115,2798.15,2847.51,2768.09,2813.56,1454500000
20011116,2813.36,2857.35,2786.95,2826,1337400000
20011119,2826.59,2872.21,2798.99,2848.01,1316800000
20011120,2846.56,2870.35,2801.47,2831.57,1330200000
20011121,2829.59,2839.3,2772.3,2808.57,1029300000
20011123,2808.3,2855.69,2795.69,2846.71,410300000
20011126,2847.03,2871.42,2809.26,2844.81,1129800000
20011127,2844.4,2866.58,2791.64,2824.43,1288000000
20011128,2823.73,2830.37,2753.96,2768.78,1423700000
20011129,2768.64,2814.61,2741.08,2797.07,1375700000
20011130,2796.97,2834.88,2794.71,2807.51,1343600000
20011203,2807.07,2815.74,2749.63,2784.1,1202900000
20011204,2784.36,2837.96,2762.29,2826.38,1318500000
20011205,2824.64,2907.42,2819.78,2884.45,1765300000
20011206,2884.32,2913.75,2844.08,2874.82,1487900000
20011207,2874.82,2908.43,2837.36,2877.91,1248200000
20011210,2877.13,2896.39,2822.52,2841.35,1218700000
20011211,2842.05,2874.37,2791.82,2819.63,1367200000
20011212,2818.85,2849.15,2770.85,2823.95,1449700000
20011213,2823,2845.77,2771.62,2800.14,1511500000
20011214,2799.84,2833.97,2763.66,2810.55,1306800000
20011217,2810.4,2858.25,2780.92,2828.27,1260400000
20011218,2828.48,2883.41,2814.53,2864.04,1354000000
20011219,2863.3,2917.34,2823.83,2890.87,1484900000
20011220,2889.79,2914,2834.96,2861.52,1490500000
20011221,2861.8,2902.85,2836.53,2867.82,1694000000
20011224,2867.82,2897.39,2851.48,2872.11,439670000
20011226,2872.15,2923.74,2865.55,2892.79,791100000
20011227,2892.9,2926.28,2876.75,2907.79,876300000
20011228,2908.23,2935.44,2883.74,2913.4,917400000
20011231,2913.3,2936.91,2878.69,2892.23,943600000
20020102,2892.25,2924.75,2844.59,2903.73,1171000000
20020103,2903.81,2959.46,2880.89,2942.81,1398900000
20020104,2942.95,3003.54,2926.87,2977.82,1513000000
20020107,2978.08,3008.53,2943.82,2969.42,1308300000
20020108,2969.21,2991.1,2926.61,2954.09,1258800000
20020109,2954.09,2993.33,2916.48,2932.25,1452000000
20020110,2931.98,2959.33,2893.67,2928.18,1299000000
20020111,2928.46,2947.95,2878.81,2896.01,1211900000
20020114,2895.65,2916.72,2849,2875.6,1286400000
20020115,2875.82,2922.41,2852.26,2888.68,1386900000
20020116,2887.4,2897.32,2823.29,2839.37,1482500000
20020117,2838.98,2887.54,2815.54,2863.52,1380100000
20020118,2860.33,2878.33,2818.45,2849.15,1333300000
20020122,2849.23,2883.3,2809.63,2831,1311600000
20020123,2831.44,2886.28,2801.91,2858.77,1479200000
20020124,2859.32,2914.66,2838.85,2870.51,1552800000
20020125,2870.03,2912.48,2840.35,2885.82,1345100000
20020128,2886.31,2922.05,2860.46,2895.06,1186800000
20020129,2894.69,2917.88,2807.19,2822.99,1812000000
20020130,2823.07,2872.9,2769.6,2852.88,2019600000
20020131,2852.55,2911.09,2832.25,2896.38,1557000000
20020201,2896.47,2929.06,2852.82,2889.65,1367200000
20020204,2889.32,2898.74,2817.88,2835.21,1437600000
20020205,2834.75,2869.12,2785.73,2826.09,1778300000
20020206,2824.83,2852.48,2767.03,2794.59,1665800000
20020207,2794.5,2834.48,2765.05,2787.12,1441600000
20020208,2787.49,2837.87,2754.89,2819.41,1371900000
20020211,2818.2,2878.65,2793.96,2862.82,1159400000
20020212,2861.81,2893.12,2828.5,2864.44,1094200000
20020213,2862.62,2912.07,2845.92,2884.34,1215900000
20020214,2883.86,2908.03,2850.18,2876.91,1272500000
20020215,2876.72,2896.93,2831.87,2854,1359200000
20020219,2853.36,2866.91,2801.48,2816.23,1189900000
20020220,2815.6,2870.99,2786.15,2854.87,1438900000
20020221,2854.77,2902.05,2817.35,2838.1,1381600000
20020222,2838.14,2889.89,2803.13,2868.51,1411000000
20020225,2868.78,2930.11,2853.98,2909.22,1367400000
20020226,2909.25,2948.34,2875.47,2916.27,1309200000
20020227,2915.92,2973.35,2894.36,2934.18,1393800000
20020228,2934.63,2974.24,2902.23,2918.53,1392200000
20020301,2919.36,2999.85,2910.9,2991.81,1456500000
20020304,2991.68,3091.62,2984.57,3074.06,1594300000
20020305,3074.82,3093.52,3007.19,3040.3,1549300000
20020306,3038.37,3102.45,3026.07,3081.95,1541300000
20020307,3082.33,3117.49,3040.74,3078.56,1517400000
20020308,3078.99,3134.32,3053.2,3082.5,1412000000
20020311,3081.87,3118.27,3045.67,3093.84,1210200000
20020312,3092.68,3111.57,3041.7,3085.51,1304400000
20020313,3083.24,3093.71,3025.81,3047.2,1354000000
20020314,3047.11,3078.74,3018.68,3051.27,1208800000
20020315,3051.15,3091.79,3028.15,3068.37,1493900000
20020318,3068.59,3098.54,3027.88,3067.63,1169500000
20020319,3067.74,3105.95,3039.8,3074.53,1255000000
20020320,3073.01,3079.96,3014.05,3040.61,1304900000
20020321,3040.68,3075.02,2981.83,3042.19,1339200000
20020322,3041.83,3070.71,3000.67,3038.42,1243300000
20020325,3038.55,3060.6,2984.87,2997.55,1057900000
20020326,2997.35,3052.08,2979.96,3020.3,1223600000
20020327,3020.49,3065.42,3002.79,3046.25,1180100000
20020328,3046.72,3082.05,3022.81,3045.92,1147600000
20020401,3045.6,3048.85,2987.09,3024.07,1050900000
20020402,3022.36,3033.86,2971.74,2999.72,1176700000
20020403,2999.4,3015.57,2941.72,2967.5,1219700000
20020404,2967.71,3006.77,2946.98,2985.47,1283800000
20020405,2985.58,3027.19,2962.27,2987.14,1110200000
20020408,2986.46,2995.31,2925.77,2978.7,1095300000
20020409,2978.83,3010.65,2952.69,2971.49,1235400000
20020410,2971.78,3041.58,2962.79,3027.22,1447900000
20020411,3026.75,3041.64,2955.79,2971.25,1505600000
20020412,2971.67,3018.64,2951.03,2993.85,1282100000
20020415,2993.64,3006.34,2934.16,2951.63,1120400000
20020416,2952.76,3030.87,2952.76,3013.3,1341300000
20020417,3013.09,3038.55,2972.34,2998.95,1376900000
20020418,2998.73,3028.29,2937.2,2987.64,1359300000
20020419,2988.88,3022.39,2965.91,2998.53,1185000000
20020422,2998.34,3011.35,2935.85,2960.96,1181800000
20020423,2961.08,2992.93,2922.94,2950.94,1388500000
20020424,2951.08,2992.11,2918.75,2934.41,1373200000
20020425,2934.42,2963.58,2887.49,2939.12,1517400000
20020426,2939.18,2971.14,2894.24,2911.12,1374200000
20020429,2911.09,2945.01,2869.57,2888.71,1314700000
20020430,2888.68,2950.86,2873.32,2918.79,1628600000
20020501,2918.5,2969.13,2870.05,2946.63,1451400000
20020502,2945.65,2981.79,2916.84,2954.12,1364000000
20020503,2953.67,2973.5,2904.32,2940.17,1284500000
20020506,2940,2964.94,2887.94,2897.79,1122600000
20020507,2898.21,2941.23,2870.15,2892.59,1354700000
20020508,2893.75,2980.08,2893.75,2964.02,1502000000
20020509,2963.38,2977.99,2912.22,2928.75,1153000000
20020510,2929.06,2951.11,2871.7,2889.29,1171900000
20020513,2887.95,2945.82,2868.63,2928.82,1088600000
20020514,2930,2993.68,2930,2977.37,1414500000
20020515,2975.44,3007.14,2934.26,2966.93,1420200000
20020516,2966.67,2994.47,2921.36,2951.94,1256600000
20020517,2952.25,2984.51,2914.25,2963.19,1274400000
20020520,2962.49,2976.59,2912.9,2943.33,989800000
20020521,2943.08,2974.49,2892.2,2913.32,1169200000
20020522,2912.01,2954.09,2891.34,2940.06,1136300000
20020523,2939.79,2982.72,2916.47,2966.27,1192900000
20020524,2965.58,2985.7,2923.55,2941.86,885400000
20020528,2942.24,2955.29,2888.97,2914.25,996500000
20020529,2912.73,2929.88,2872.56,2893.31,1081800000
20020530,2892.27,2913.68,2846.06,2884.26,1286600000
20020531,2884.84,2931.4,2867.47,2891.06,1277300000
20020603,2891.05,2910.29,2814.77,2824.61,1324300000
20020604,2824.7,2854.82,2778.69,2820.14,1466600000
20020605,2819.32,2858.97,2792.07,2834.12,1300100000
20020606,2833.79,2844.16,2767.55,2788.07,1601500000
20020607,2788.08,2812.32,2733.73,2788.86,1341300000
20020610,2788.24,2837.15,2767.75,2810.31,1226200000
20020611,2810.68,2853.78,2772.37,2783.12,1412400000
20020612,2782.39,2827.61,2745.71,2805.26,1795700000
20020613,2804.39,2835.98,2768.01,2790.06,1405500000
20020614,2789.41,2800.44,2711.09,2773.92,1549000000
20020617,2774.3,2845.45,2769.2,2830.32,1236600000
20020618,2829.83,2862.82,2805.01,2840.57,1193100000
20020619,2839.77,2874.16,2793.44,2818,1336100000
20020620,2818.02,2840.78,2767.93,2785.43,1389700000
20020621,2785.24,2805.86,2724.33,2757.45,1497200000
20020624,2757.23,2791.61,2693.94,2748.36,1552600000
20020625,2748.98,2784.2,2678.17,2694.05,1513700000
20020626,2690.94,2717.83,2612.3,2690.7,336570000
20020627,2691.04,2755.26,2657.93,2729.66,1908600000
20020628,2729.83,2790.39,2696.43,2743.76,2117000000
20020701,2743.09,2775.93,2685.59,2704.3,1425500000
20020702,2703.49,2721.34,2630.87,2655.82,1823000000
20020703,2655.59,2691.51,2601.26,2654.26,1527800000
20020705,2655.36,2735.48,2655.36,2725.5,699400000
20020708,2724.86,2745.29,2671.27,2695.55,1184400000
20020709,2695.3,2723.27,2632.25,2640.51,1348900000
20020710,2640.85,2667.2,2541.4,2556.43,1816900000
20020711,2556.2,2601.12,2481.45,2561.06,2080480000
20020712,2561.7,2588.43,2482.5,2518.6,1607400000
20020715,2518.06,2535.07,2368.75,2507.65,2574800000
20020716,2507,2535.11,2428.23,2465.83,1843700000
20020717,2466.35,2544.87,2426.69,2467.66,2566500000
20020718,2467.32,2503.19,2407.24,2425.81,1736300000
20020719,2425.24,2425.24,2295.04,2326.18,2654100000
20020722,2325.47,2365.42,2214.43,2254.77,2248060000
20020723,2254.94,2306.07,2155.55,2186.13,2441020000
20020724,2185.48,2325.17,2112.49,2306.17,2775560000
20020725,2305.27,2391.66,2240.37,2338.54,2424700000
20020726,2339.6,2385.47,2294.81,2352.87,1796100000
20020729,2353.14,2483.24,2353.14,2463.74,1778650000
20020730,2462.66,2526.8,2407.58,2491.61,1826090000
20020731,2491.3,2529.49,2420.77,2499.67,2049360000
20020801,2498.6,2509.45,2405.2,2433.32,1672200000
20020802,2432.96,2451.8,2331.02,2366.6,1538100000
20020805,2366.1,2390.96,2287.23,2301.81,1425500000
20020806,2302.86,2428.47,2302.86,2380.38,1514100000
20020807,2381.05,2445.49,2349.47,2422.53,1490400000
20020808,2422.55,2499.64,2391.26,2485.58,1646700000
20020809,2484.67,2524.39,2435.45,2498.25,1294900000
20020812,2497.01,2505.93,2431.72,2485.38,1036500000
20020813,2483.91,2511.4,2414.57,2428.3,1297700000
20020814,2427.38,2515.46,2381.44,2495.96,1533800000
20020815,2496.06,2551.43,2464.8,2511.94,1505100000
20020816,2511.05,2542.75,2471.02,2503.31,1265300000
20020819,2503.31,2573.22,2489.18,2550.08,1299800000
20020820,2549.36,2568.54,2505.3,2527.58,1308500000
20020821,2526.47,2596.35,2509.31,2575.73,1353100000
20020822,2576.39,2633.77,2552.23,2607.24,1373000000
20020823,2606.88,2612.49,2540.46,2552.93,1071500000
20020826,2553.1,2598.19,2522.93,2578.2,1016900000
20020827,2577.95,2616.91,2530.36,2545.04,1307700000
20020828,2544.21,2551.04,2479.77,2503.88,1146600000
20020829,2503.74,2518.92,2435.03,2476.35,1271100000
20020830,2476.06,2520.8,2446.66,2473.13,929900000
20020903,2472.42,2472.82,2383.35,2395.43,1323400000
20020904,2394.82,2453.28,2367.29,2428.24,1372100000
20020905,2427.36,2427.36,2347.57,2377.68,1401300000
20020906,2377.81,2449.01,2377.81,2415.79,1184500000
20020909,2415.34,2456.28,2370.46,2431.7,1130600000
20020910,2431.87,2471.86,2403.89,2440.68,1186400000
20020911,2440.59,2491.57,2428.68,2440.62,846600000
20020912,2439.58,2439.58,2370.5,2382.06,1191600000
20020913,2382.11,2406.72,2332.17,2376.43,1271000000
20020916,2376.28,2399.72,2334.09,2376.74,1001400000
20020917,2376.84,2417.89,2315.76,2325.17,1448600000
20020918,2324.32,2363.38,2273.9,2323.27,1501000000
20020919,2322.97,2342.47,2263.46,2276.81,1524000000
20020920,2276.76,2282.26,2241.72,2282.26,1792800000
20020923,2282.21,2286.06,2211.37,2243.14,1381100000
20020924,2242.99,2257.86,2166.63,2193.08,1670240000
20020925,2192.99,2275.95,2187.1,2246.04,1651500000
20020926,2246.51,2338.09,2245.05,2314.36,1650000000
20020927,2314.18,2321.55,2224.16,2236.03,1507300000
20020930,2236.02,2250.3,2157.9,2212.14,1721870000
20021001,2212.22,2303.79,2190.29,2294.78,1780900000
20021002,2294.4,2309.59,2216.32,2235.17,1668900000
20021003,2234.81,2293.5,2199.08,2231.98,1674500000
20021004,2232.34,2240.56,2130.58,2169.92,1835930000
20021007,2169.97,2206.43,2108.59,2126.02,1576500000
20021008,2125.86,2193.65,2054.57,2129.37,1938430000
20021009,2129.21,2129.21,2012.05,2033.44,1885030000
20021010,2033.45,2143.39,1999.09,2122.17,2090230000
20021011,2122.19,2226.92,2122.19,2193.67,1854130000
20021014,2193.76,2211.88,2132.36,2185.07,1200300000
20021015,2186.23,2281.95,2186.23,2281.95,1956000000
20021016,2280.77,2280.77,2185.04,2208.43,1585000000
20021017,2208.66,2307.7,2208.66,2272.58,1780390000
20021018,2272.44,2305.27,2221.33,2285.8,1423100000
20021021,2285.22,2366.88,2252.98,2355.58,1447000000
20021022,2355.81,2373.71,2282.96,2328.1,1549200000
20021023,2328.12,2370.84,2281.02,2352.24,1593900000
20021024,2351.92,2393.73,2293.85,2313.82,1700570000
20021025,2313.84,2359.21,2276.4,2344.1,1340400000
20021028,2344.93,2394.05,2305.48,2331.67,1382600000
20021029,2331.21,2355.74,2266.9,2324.07,1529700000
20021030,2323.16,2371.49,2304.29,2349.76,1422300000
20021031,2349.04,2379.93,2309.99,2339.34,1641300000
20021101,2339.11,2391.59,2304.55,2375.76,1450400000
20021104,2376.39,2459.27,2372.44,2402.7,1645900000
20021105,2401.52,2441.04,2373.66,2423.69,1354100000
20021106,2422.63,2481.6,2396.93,2460.89,1674000000
20021107,2460.06,2460.06,2375.44,2400.65,1466900000
20021108,2399.88,2429.95,2352.95,2378.79,1446500000
20021111,2378.87,2386.03,2309.55,2328.64,1113000000
20021112,2328.15,2377.66,2301.54,2327.47,1377100000
20021113,2325.45,2369.86,2284.77,2336.59,1463400000
20021114,2337.46,2397.3,2335.24,2378.88,1488100000
20021115,2377.8,2405.39,2345.31,2391.44,1400100000
20021118,2391.19,2418.05,2347.66,2361.59,1282600000
20021119,2361.31,2383.48,2323.78,2352.96,1337400000
20021120,2351.68,2401.27,2328.09,2382.68,1517300000
20021121,2383.09,2454.95,2377.33,2433,2415100000
20021122,2432.96,2470.87,2401.71,2435.2,1626800000
20021125,2435.23,2471.15,2404.1,2446.15,1574000000
20021126,2445.26,2449.64,2380.35,2394.32,1543600000
20021127,2393.65,2481.33,2393.65,2465.01,1350300000
20021129,2465.35,2485.48,2439.17,2457.01,643460000
20021202,2457.21,2507.89,2421.22,2451.1,1612000000
20021203,2450.86,2465.94,2397.23,2426.85,1488400000
20021204,2425.25,2456.01,2382.75,2418.42,1588900000
20021205,2418.27,2441.37,2379.21,2397.59,1250200000
20021206,2397.2,2428.15,2359.57,2413.93,1241100000
20021209,2413.38,2419.05,2357.88,2371.47,1320800000
20021210,2371.32,2413.28,2356.08,2400.8,1286600000
20021211,2399.99,2426.34,2366.23,2406.12,1285100000
20021212,2406.42,2426,2373.1,2396.97,1255300000
20021213,2396.59,2414.4,2358.05,2380.53,1330800000
20021216,2381,2435.85,2374.29,2427.01,1271600000
20021217,2426.95,2447.18,2395.24,2411.58,1251800000
20021218,2410.81,2420.94,2366.15,2387.39,1446200000
20021219,2386.5,2413.31,2350.72,2372.63,1385900000
20021220,2372.12,2422.37,2368.69,2406.98,1782730000
20021223,2406.99,2424.62,2376.75,2400.16,1112100000
20021224,2399.94,2411.06,2377.73,2390.15,458310000
20021226,2389.98,2430.64,2377.42,2392.47,721100000
20021227,2391.93,2402.74,2350.08,2359.59,758400000
20021230,2359.63,2388.4,2335.3,2370.93,1057800000
20021231,2370.84,2391.95,2338.27,2374.96,1088500000
20030102,2375.09,2449.7,2375.09,2443.52,1229200000
20030103,2443.5,2462.93,2416.95,2443.26,1130800000
20030106,2443.44,2518.5,2440.67,2505.4,1435900000
20030107,2505.32,2513.85,2457.25,2483.02,1578600000
20030108,2482.26,2493.03,2437.51,2454.22,1467600000
20030109,2454.45,2507.02,2451.87,2495.03,1560300000
20030110,2495.01,2509.39,2456.25,2488.85,1485400000
20030113,2488.97,2511.29,2458.38,2478.92,1396300000
20030114,2479.12,2500.88,2454.19,2489.02,1379400000
20030115,2489.18,2499.35,2445.26,2462.23,1432100000
20030116,2461.98,2498.47,2439.06,2460.81,1534600000
20030117,2460.47,2460.82,2413.99,2431.51,1358200000
20030121,2431.43,2450.44,2376.03,2384.03,1335200000
20030122,2383.48,2399.35,2321.91,2342.64,1560800000
20030123,2342.96,2382.31,2320.88,2359.7,1744550000
20030124,2359.48,2359.48,2277.19,2293.77,1561400000
20030127,2293.81,2306.27,2234.25,2251.46,1435900000
20030128,2251.71,2304.39,2242.52,2284.79,1459100000
20030129,2284.32,2306.21,2234.84,2286.82,1595400000
20030130,2286.18,2306.22,2235.89,2245.33,1510300000
20030131,2245.33,2297.79,2229.74,2278.2,1578530000
20030203,2278.16,2312.9,2264.57,2287.02,1258500000
20030204,2286.17,2286.17,2236.85,2262.64,1451600000
20030205,2262.33,2304.43,2243.1,2256.07,1450800000
20030206,2254.87,2281.3,2226.51,2251.49,1430900000
20030207,2252,2274.75,2209.22,2223.41,1276800000
20030210,2223.03,2250.03,2197.6,2235.55,1238200000
20030211,2235.43,2259.63,2198.56,2211.19,1307000000
