20011112;1.8;1.8;1.8;1.8;0
20011113;1.84;1.84;1.8;1.8;0
20011114;1.85;1.9;1.8;1.84;0
20011115;1.85;1.87;1.83;1.87;0
20011116;1.86;1.91;1.85;1.89;0
20011119;1.89;1.92;1.89;1.9;0
20011120;1.89;1.91;1.87;1.9;0
20011121;1.9;1.92;1.89;1.91;0
20011123;1.91;1.93;1.9;1.93;0
20011126;1.93;1.94;1.92;1.94;0
20011127;1.94;1.95;1.85;1.86;0
20011128;1.86;1.86;1.82;1.83;0
20011129;1.81;1.81;1.75;1.76;0
20011130;1.76;1.76;1.73;1.73;0
20011203;1.73;1.75;1.71;1.74;0
20011204;1.74;1.75;1.71;1.71;0
20011205;1.71;1.75;1.69;1.73;0
20011206;1.74;1.75;1.7;1.71;0
20011207;1.7;1.7;1.64;1.65;0
20011210;1.64;1.68;1.62;1.68;0
20011211;1.64;1.65;1.6;1.61;0
20011212;1.61;1.65;1.6;1.64;0
20011213;1.65;1.67;1.64;1.66;0
20011214;1.66;1.68;1.66;1.68;0
20011217;1.71;1.73;1.69;1.71;0
20011218;1.7;1.7;1.67;1.68;0
20011219;1.67;1.68;1.66;1.67;0
20011220;1.64;1.65;1.63;1.64;0
20011221;1.65;1.66;1.64;1.66;0
20011224;1.67;1.7;1.67;1.69;0
20011226;1.71;1.73;1.71;1.71;0
20011227;1.71;1.71;1.69;1.7;0
20011228;1.71;1.73;1.67;1.68;0
20011231;1.69;1.69;1.66;1.67;0
20020102;1.7;1.7;1.69;1.7;0
20020103;1.69;1.69;1.67;1.69;0
20020104;1.7;1.7;1.68;1.68;0
20020107;1.67;1.67;1.66;1.66;0
20020108;1.64;1.66;1.63;1.65;0
20020109;1.65;1.66;1.65;1.65;0
20020110;1.64;1.65;1.62;1.65;0
20020111;1.64;1.65;1.59;1.59;0
20020114;1.55;1.55;1.54;1.54;0
20020115;1.55;1.56;1.54;1.56;0
20020116;1.55;1.58;1.54;1.57;0
20020117;1.58;1.6;1.57;1.6;0
20020118;1.59;1.6;1.58;1.58;0
20020122;1.62;1.67;1.62;1.64;0
20020123;1.66;1.67;1.65;1.67;0
20020124;1.67;1.68;1.65;1.67;0
20020125;1.69;1.7;1.68;1.68;0
20020128;1.69;1.69;1.69;1.69;0
20020129;1.71;1.73;1.69;1.7;0
20020130;1.69;1.7;1.68;1.69;0
20020131;1.71;1.72;1.7;1.72;0
20020204;1.71;1.72;1.71;1.72;0
20020205;1.72;1.72;1.71;1.72;0
20020206;1.71;1.71;1.7;1.7;0
20020207;1.7;1.7;1.69;1.69;0
20020208;1.7;1.7;1.66;1.67;0
20020211;1.68;1.7;1.68;1.7;0
20020212;1.7;1.71;1.7;1.71;0
20020213;1.72;1.72;1.71;1.71;0
20020214;1.71;1.72;1.71;1.71;0
20020215;1.7;1.71;1.7;1.7;0
20020219;1.7;1.71;1.7;1.7;0
20020220;1.72;1.73;1.72;1.72;0
20020221;1.73;1.73;1.71;1.72;0
20020222;1.71;1.72;1.7;1.72;0
20020225;1.72;1.74;1.72;1.73;0
20020226;1.73;1.74;1.73;1.73;0
20020227;1.74;1.75;1.71;1.73;0
20020228;1.72;1.74;1.72;1.72;0
20020301;1.73;1.75;1.73;1.75;0
20020304;1.75;1.75;1.75;1.75;0
20020305;1.75;1.76;1.75;1.75;0
20020306;1.74;1.75;1.74;1.74;0
20020307;1.74;1.76;1.73;1.75;0
20020308;1.77;1.77;1.76;1.77;0
20020311;1.76;1.79;1.76;1.79;0
20020312;1.79;1.8;1.79;1.8;0
20020313;1.81;1.82;1.78;1.79;0
20020314;1.8;1.81;1.79;1.81;0
20020315;1.82;1.83;1.81;1.82;0
20020318;1.83;1.83;1.81;1.82;0
20020319;1.82;1.83;1.8;1.8;0
20020320;1.81;1.81;1.79;1.81;0
20020321;1.81;1.83;1.81;1.81;0
20020322;1.8;1.83;1.79;1.8;0
20020325;1.8;1.81;1.78;1.78;0
20020326;1.79;1.81;1.78;1.79;0
20020327;1.8;1.8;1.77;1.78;0
20020328;1.77;1.77;1.74;1.74;0
20020401;1.75;1.77;1.75;1.76;0
20020402;1.77;1.78;1.76;1.76;0
20020403;1.77;1.77;1.75;1.75;0
20020404;1.75;1.75;1.74;1.74;0
20020405;1.75;1.75;1.72;1.72;0
20020408;1.72;1.74;1.71;1.71;0
20020409;1.71;1.71;1.69;1.69;0
20020410;1.68;1.68;1.67;1.67;0
20020411;1.67;1.68;1.66;1.67;0
20020412;1.69;1.69;1.66;1.67;0
20020415;1.67;1.68;1.66;1.67;0
20020416;1.7;1.72;1.69;1.7;0
20020417;1.7;1.71;1.69;1.69;0
20020418;1.67;1.67;1.65;1.67;0
20020419;1.69;1.7;1.69;1.7;0
20020422;1.72;1.72;1.68;1.68;0
20020423;1.69;1.71;1.68;1.7;0
20020424;1.7;1.7;1.68;1.68;0
20020425;1.66;1.7;1.66;1.7;0
20020426;1.7;1.72;1.69;1.7;0
20020429;1.71;1.72;1.71;1.72;0
20020430;1.74;1.74;1.72;1.73;0
20020501;1.73;1.73;1.72;1.72;0
20020502;1.73;1.74;1.73;1.73;0
20020503;1.73;1.73;1.72;1.72;0
20020506;1.73;1.73;1.73;1.73;0
20020507;1.73;1.73;1.7;1.71;0
20020508;1.73;1.74;1.72;1.73;0
20020509;1.73;1.73;1.73;1.73;0
20020510;1.73;1.73;1.73;1.73;0
20020513;1.73;1.74;1.73;1.73;0
20020514;1.74;1.74;1.74;1.74;0
20020515;1.8;1.8;1.73;1.73;0
20020516;1.74;1.74;1.74;1.74;0
20020517;1.72;1.72;1.72;1.72;0
20020520;1.73;1.73;1.7;1.71;0
20020521;1.72;1.73;1.69;1.7;0
20020522;1.72;1.73;1.69;1.7;0
20020523;1.7;1.71;1.69;1.7;0
20020524;1.71;1.71;1.71;1.71;0
20020528;1.73;1.74;1.72;1.72;0
20020529;1.71;1.72;1.71;1.72;0
20020530;1.72;1.72;1.71;1.71;0
20020531;1.72;1.73;1.7;1.71;0
20020603;1.7;1.72;1.7;1.72;0
20020604;1.71;1.72;1.69;1.72;0
20020605;1.72;1.72;1.71;1.72;0
20020606;1.72;1.72;1.7;1.71;0
20020607;1.69;1.71;1.69;1.71;0
20020610;1.71;1.71;1.71;1.71;0
20020611;1.72;1.72;1.71;1.71;0
20020612;1.71;1.71;1.7;1.7;0
20020613;1.7;1.7;1.68;1.68;0
20020617;1.68;1.69;1.68;1.69;0
20020618;1.68;1.7;1.68;1.69;0
20020619;1.68;1.68;1.67;1.67;0
20020620;1.67;1.7;1.66;1.69;0
20020621;1.7;1.7;1.68;1.68;0
20020624;1.68;1.69;1.67;1.69;0
20020625;1.7;1.7;1.68;1.69;0
20020626;1.65;1.67;1.62;1.66;0
20020627;1.69;1.69;1.65;1.66;0
20020628;1.68;1.68;1.66;1.66;0
20020701;1.66;1.68;1.66;1.68;0
20020702;1.68;1.68;1.67;1.68;0
20020703;1.68;1.68;1.67;1.68;0
20020705;1.69;1.69;1.68;1.68;0
20020708;1.69;1.7;1.69;1.69;0
20020709;1.69;1.69;1.68;1.68;0
20020710;1.69;1.7;1.68;1.69;0
20020711;1.68;1.68;1.67;1.68;0
20020712;1.69;1.69;1.67;1.67;0
20020715;1.67;1.69;1.67;1.67;0
20020716;1.67;1.67;1.67;1.67;0
20020717;1.69;1.69;1.69;1.69;0
20020718;1.69;1.69;1.69;1.69;0
20020719;1.68;1.68;1.67;1.67;0
20020722;1.67;1.68;1.67;1.67;0
20020723;1.67;1.67;1.66;1.66;0
20020724;1.59;1.64;1.57;1.64;0
20020725;1.65;1.66;1.65;1.66;0
20020726;1.65;1.66;1.65;1.65;0
20020729;1.66;1.68;1.66;1.68;0
20020730;1.68;1.68;1.67;1.68;0
20020731;1.68;1.68;1.66;1.66;0
20020801;1.67;1.67;1.64;1.64;0
20020802;1.64;1.64;1.57;1.59;0
20020805;1.59;1.6;1.59;1.6;0
20020806;1.61;1.62;1.6;1.61;0
20020807;1.62;1.62;1.56;1.56;0
20020808;1.57;1.58;1.56;1.58;0
20020809;1.59;1.59;1.57;1.58;0
20020812;1.58;1.63;1.58;1.63;0
20020813;1.63;1.63;1.59;1.6;0
20020814;1.58;1.61;1.57;1.6;0
20020815;1.62;1.62;1.58;1.58;0
20020816;1.59;1.59;1.58;1.59;0
20020819;1.58;1.64;1.58;1.62;0
20020820;1.61;1.61;1.57;1.58;0
20020821;1.61;1.61;1.59;1.6;0
20020822;1.6;1.62;1.6;1.61;0
20020823;1.61;1.62;1.61;1.62;0
20020826;1.62;1.63;1.62;1.62;0
20020827;1.63;1.66;1.63;1.64;0
20020828;1.64;1.64;1.63;1.64;0
20020829;1.63;1.64;1.62;1.64;0
20020830;1.63;1.65;1.63;1.64;0
20020903;1.63;1.64;1.6;1.61;0
20020904;1.61;1.61;1.59;1.59;0
20020905;1.58;1.6;1.58;1.58;0
20020906;1.57;1.62;1.57;1.62;0
20020909;1.63;1.64;1.62;1.64;0
20020910;1.65;1.66;1.63;1.63;0
20020911;1.66;1.66;1.65;1.65;0
20020912;1.65;1.66;1.64;1.65;0
20020913;1.65;1.65;1.64;1.65;0
20020916;1.65;1.66;1.65;1.66;0
20020917;1.67;1.67;1.66;1.66;0
20020918;1.65;1.65;1.64;1.64;0
20020919;1.64;1.64;1.61;1.62;0
20020920;1.62;1.62;1.61;1.61;0
20020923;1.61;1.62;1.6;1.62;0
20020924;1.6;1.62;1.59;1.61;0
20020925;1.63;1.63;1.61;1.62;0
20020926;1.62;1.62;1.62;1.62;0
20020927;1.62;1.62;1.6;1.6;0
20020930;1.59;1.6;1.53;1.53;0
20021001;1.53;1.55;1.53;1.55;0
20021002;1.55;1.55;1.54;1.54;0
20021003;1.53;1.55;1.53;1.53;0
20021004;1.53;1.58;1.52;1.57;0
20021007;1.57;1.59;1.56;1.58;0
20021008;1.58;1.59;1.57;1.57;0
20021009;1.56;1.56;1.53;1.53;0
20021010;1.53;1.54;1.52;1.54;0
20021011;1.54;1.55;1.54;1.55;0
20021014;1.54;1.54;1.54;1.54;0
20021015;1.59;1.63;1.59;1.62;0
20021016;1.62;1.62;1.61;1.62;0
20021017;1.64;1.64;1.62;1.63;0
20021018;1.62;1.64;1.62;1.63;0
20021021;1.63;1.66;1.63;1.66;0
20021022;1.66;1.66;1.65;1.66;0
20021023;1.65;1.65;1.63;1.64;0
20021024;1.63;1.64;1.62;1.62;0
20021025;1.62;1.62;1.6;1.6;0
20021028;1.57;1.58;1.54;1.55;0
20021029;1.55;1.55;1.47;1.47;0
20021030;1.48;1.49;1.47;1.47;0
20021031;1.47;1.47;1.41;1.42;0
20021101;1.41;1.43;1.4;1.4;0
20021104;1.41;1.42;1.4;1.41;0
20021105;1.4;1.4;1.39;1.39;0
20021106;1.4;1.4;1.2;1.21;0
20021107;1.2;1.2;1.19;1.2;0
20021108;1.19;1.2;1.19;1.2;0
20021111;1.2;1.2;1.2;1.2;0
20021112;1.2;1.2;1.19;1.19;0
20021113;1.19;1.19;1.18;1.19;0
20021114;1.2;1.21;1.19;1.19;0
20021115;1.2;1.21;1.19;1.2;0
20021118;1.2;1.21;1.2;1.2;0
20021119;1.2;1.2;1.19;1.19;0
20021120;1.19;1.2;1.19;1.2;0
20021121;1.19;1.21;1.19;1.2;0
20021122;1.2;1.2;1.19;1.2;0
20021125;1.2;1.21;1.2;1.2;0
20021126;1.21;1.21;1.2;1.2;0
20021127;1.2;1.21;1.2;1.21;0
20021129;1.21;1.21;1.2;1.2;0
20021202;1.21;1.22;1.21;1.21;0
20021203;1.2;1.21;1.2;1.2;0
20021204;1.2;1.2;1.19;1.2;0
20021205;1.2;1.2;1.19;1.19;0
20021206;1.19;1.19;1.17;1.18;0
20021209;1.18;1.2;1.18;1.2;0
20021210;1.19;1.19;1.18;1.19;0
20021211;1.19;1.19;1.18;1.18;0
20021212;1.18;1.19;1.18;1.18;0
20021213;1.18;1.19;1.18;1.19;0
20021216;1.19;1.21;1.19;1.2;0
20021217;1.2;1.2;1.19;1.19;0
20021218;1.19;1.19;1.18;1.18;0
20021219;1.18;1.18;1.18;1.18;0
20021220;1.18;1.18;1.17;1.18;0
20021223;1.17;1.18;1.16;1.16;0
20021224;1.17;1.17;1.16;1.16;0
20021226;1.16;1.16;1.15;1.15;0
20021227;1.15;1.15;1.13;1.13;0
20021230;1.14;1.17;1.14;1.16;0
20021231;1.19;1.19;1.17;1.18;0
20030102;1.19;1.19;1.19;1.19;0
20030103;1.18;1.19;1.18;1.19;0
20030106;1.2;1.2;1.18;1.18;0
20030107;1.18;1.18;1.17;1.17;0
20030108;1.17;1.17;1.16;1.17;0
20030109;1.17;1.18;1.17;1.18;0
20030110;1.18;1.18;1.17;1.17;0
20030113;1.18;1.18;1.17;1.17;0
20030114;1.17;1.17;1.17;1.17;0
20030115;1.17;1.17;1.17;1.17;0
20030116;1.17;1.17;1.16;1.16;0
20030117;1.16;1.16;1.14;1.15;0
20030121;1.15;1.16;1.15;1.15;0
20030122;1.15;1.15;1.14;1.14;0
20030123;1.15;1.15;1.14;1.14;0
20030124;1.14;1.14;1.13;1.13;0
20030127;1.13;1.14;1.13;1.14;0
20030128;1.14;1.15;1.14;1.15;0
20030129;1.15;1.15;1.14;1.15;0
20030130;1.15;1.15;1.15;1.15;0
20030131;1.15;1.15;1.15;1.15;0
20030203;1.15;1.16;1.15;1.15;0
20030204;1.15;1.15;1.14;1.15;0
20030205;1.14;1.15;1.14;1.15;0
20030206;1.14;1.15;1.14;1.14;0
20030207;1.14;1.15;1.14;1.14;0
20030210;1.15;1.15;1.14;1.15;0
20030211;1.15;1.15;1.15;1.15;0
20030212;1.15;1.15;1.15;1.15;0
