20011112,1826.25,1848,1782.48,1840.13,1594470000
20011113,1871.47,1893.92,1867.27,1892.11,2189000000
20011114,1910.45,1922.45,1875.27,1903.19,2175590000
20011115,1891.36,1922.12,1882.84,1900.57,2025550000
20011116,1903.48,1908.21,1882.53,1898.58,1714140000
20011119,1912.48,1934.7,1905.36,1934.42,1924900000
20011120,1926.47,1930.21,1877.79,1880.51,1988580000
20011121,1873.6,1884.49,1853.67,1875.05,1577590000
20011123,1878.91,1905.58,1873.64,1903.2,569820000
20011126,1914.53,1941.31,1906.89,1941.23,1734130000
20011127,1931.59,1965.09,1902.89,1935.97,2137420000
20011128,1921.6,1941.79,1887.97,1887.97,1905150000
20011129,1898.63,1933.46,1889.29,1933.26,1957120000
20011130,1929.29,1941.94,1916.73,1930.58,1831850000
20011203,1915.13,1925.35,1898.98,1904.9,1496760000
20011204,1917.66,1963.22,1913.92,1963.1,1908630000
20011205,1980.3,2056.81,1980.3,2046.84,2777500000
20011206,2045.22,2065.69,2037.64,2054.27,2212470000
20011207,2043.68,2046.99,2002.34,2021.26,1916720000
20011210,2007.67,2036.54,1989.68,1992.12,1679480000
20011211,2009.93,2032.63,1995.09,2001.93,1965200000
20011212,2007.48,2022.76,1975.65,2011.38,1895290000
20011213,1979.84,1985.79,1945.29,1946.51,2095820000
20011214,1945.18,1965.74,1934.6,1953.17,1900020000
20011217,1950.94,1994.48,1950.94,1987.45,1840920000
20011218,1998.36,2010.91,1989.81,2004.76,1852020000
20011219,1981.65,2007.76,1971.07,1982.89,1919850000
20011220,1969,1972.32,1918.5,1918.54,2043110000
20011221,1941.55,1954.47,1931.87,1945.83,2359670000
20011224,1946.84,1953.9,1942.07,1944.48,564380000
20011226,1948.77,1983.84,1948.77,1960.7,1127350000
20011227,1967.32,1982.73,1962.12,1976.42,1241060000
20011228,1985.71,2002.72,1982.37,1987.26,1328290000
20011231,1984.31,1989.17,1950.4,1950.4,1414840000
20020102,1965.18,1979.26,1936.56,1979.25,1517670000
20020103,1987.06,2044.56,1987.06,2044.27,2209630000
20020104,2061.83,2077.89,2033.56,2059.38,2205610000
20020107,2075.24,2081.09,2036.86,2037.1,2121110000
20020108,2039.42,2060.23,2027.34,2055.74,1873670000
20020109,2074.32,2098.88,2034.09,2044.89,2321450000
20020110,2045.13,2055.89,2026.05,2047.24,1761640000
20020111,2049.5,2058.77,2018.68,2022.46,1625530000
20020114,2012.59,2018.42,1979.94,1990.74,1801650000
20020115,1994.88,2011.25,1977.28,2000.91,1675150000
20020116,1976.42,1981.81,1944.32,1944.44,1917270000
20020117,1968.7,1985.83,1954.06,1985.82,1893110000
20020118,1943.56,1964.74,1922.7,1930.34,1693010000
20020122,1946.87,1947.41,1882.14,1882.53,1817220000
20020123,1889.53,1925.15,1879.24,1922.38,1871120000
20020124,1937.67,1959.93,1936.34,1942.58,1907870000
20020125,1929.15,1951.79,1923.06,1937.7,1655310000
20020128,1951.12,1958.96,1925.43,1943.91,1482080000
20020129,1947.09,1959.05,1883.49,1892.99,1875380000
20020130,1897.73,1913.66,1851.49,1913.44,2066970000
20020131,1924.56,1935.17,1906.9,1934.03,1803530000
20020201,1928.83,1942.15,1901.21,1911.24,1710000000
20020204,1907.58,1907.58,1849.13,1855.53,1779030000
20020205,1844.62,1867.94,1828.67,1838.52,2106870000
20020206,1853.13,1853.13,1805.01,1812.71,2105480000
20020207,1809.43,1824.07,1781.73,1782.11,1998300000
20020208,1794.05,1818.88,1772.15,1818.88,1794710000
20020211,1816.94,1846.93,1815.38,1846.66,1564830000
20020212,1829.53,1852.22,1817.13,1834.21,1621680000
20020213,1844.79,1862.42,1844.12,1859.16,1600740000
20020214,1863.47,1877.74,1840.78,1843.37,1679410000
20020215,1844.89,1847.07,1801.67,1805.2,1624720000
20020219,1790.94,1791.01,1745.05,1750.61,1749170000
20020220,1762.43,1777.18,1729.2,1775.57,1918210000
20020221,1763.82,1769.37,1716.24,1716.24,1833750000
20020222,1718.7,1736.48,1696.55,1724.54,1839340000
20020225,1731.43,1776.61,1730.91,1769.88,1666850000
20020226,1777.54,1788.75,1750.36,1766.86,1670530000
20020227,1783.29,1793.73,1741.48,1751.88,1823440000
20020228,1759.33,1773.2,1728.65,1731.49,1935630000
20020301,1745.49,1802.89,1742.08,1802.74,1902520000
20020304,1799.68,1859.72,1789.72,1859.32,2297630000
20020305,1854.71,1886.15,1849.75,1866.29,2074650000
20020306,1859.28,1891.83,1841.31,1890.4,1907080000
20020307,1903.24,1910.7,1865.06,1881.63,1898190000
20020308,1908.09,1935.09,1908.09,1929.67,2059420000
20020311,1919.73,1946.23,1905.93,1929.49,1763950000
20020312,1888.68,1899.01,1879.42,1897.12,1750150000
20020313,1879.97,1886.27,1858.45,1862.03,1664240000
20020314,1863.1,1873.01,1851.38,1854.14,1492130000
20020315,1854.34,1871.39,1845.93,1868.3,1698800000
20020318,1882.73,1893.26,1861.11,1877.06,1547190000
20020319,1881.13,1891.51,1873.17,1880.87,1521620000
20020320,1860.28,1861.79,1832.87,1832.87,1554640000
20020321,1835.21,1870.16,1825.99,1868.83,1601590000
20020322,1865.18,1873.32,1848.15,1851.39,1504960000
20020325,1855.65,1863.05,1812.42,1812.49,1429310000
20020326,1808.87,1843.96,1807.47,1824.17,1662170000
20020327,1817.22,1832.01,1811.64,1826.75,1624230000
20020328,1836.25,1852.85,1833.33,1845.35,1664900000
20020401,1834.59,1865.37,1817.25,1862.62,1554790000
20020402,1836.03,1839.37,1804.4,1804.4,1701240000
20020403,1809.59,1813.36,1770.61,1784.35,1704190000
20020404,1776.53,1800.83,1770.16,1789.75,1731670000
20020405,1796.92,1803.21,1769.95,1770.03,1508100000
20020408,1741.1,1786.4,1733.84,1785.87,1599200000
20020409,1789.14,1795.62,1742.4,1742.57,1662760000
20020410,1751.57,1772,1733.69,1767.07,1965420000
20020411,1757.01,1762.28,1724.15,1725.24,1707140000
20020412,1738.96,1756.33,1728.52,1756.19,1532480000
20020415,1761.95,1769.04,1740.61,1753.78,1327230000
20020416,1779.29,1816.91,1779.29,1816.79,1791490000
20020417,1829.58,1832.01,1804.65,1810.67,1931060000
20020418,1806.28,1818.79,1778.1,1802.43,1866140000
20020419,1816.35,1816.62,1795.27,1796.83,1681640000
20020422,1779.18,1779.18,1747.65,1758.68,1703120000
20020423,1757.92,1762.94,1723.93,1730.29,1957900000
20020424,1739.13,1746.52,1711.11,1713.34,1923230000
20020425,1705.8,1724.01,1697.27,1713.7,1971760000
20020426,1722.83,1728.52,1663.78,1663.89,1893790000
20020429,1668.52,1678.56,1640.97,1656.93,1842550000
20020430,1655.02,1697.03,1652.93,1688.23,2091610000
20020501,1683.76,1687.56,1643.24,1677.53,2189110000
20020502,1673.72,1695.07,1640.8,1644.82,2060340000
20020503,1643.17,1643.87,1605.97,1613.03,1990950000
20020506,1611.05,1622.83,1577.93,1578.48,1776080000
20020507,1589.58,1594.57,1560.29,1573.82,2139130000
20020508,1625.73,1696.35,1625.73,1696.29,2403240000
20020509,1684.44,1692.58,1650.46,1650.49,1788460000
20020510,1657.18,1657.45,1599.64,1600.85,1839130000
20020513,1611.26,1653.1,1602.6,1652.54,1648780000
20020514,1694.15,1722.66,1691.42,1719.05,2603120000
20020515,1705.45,1759.33,1694.34,1725.56,2266100000
20020516,1723.69,1734.71,1713.81,1730.44,1644660000
20020517,1745.17,1754.22,1723.06,1741.39,1648910000
20020520,1726.78,1726.89,1696.11,1701.59,1429300000
20020521,1708.57,1717.93,1660.22,1664.18,1660880000
20020522,1654.34,1676.64,1643.96,1673.45,1734730000
20020523,1678.42,1697.77,1651.89,1697.63,1762570000
20020524,1680.66,1681.1,1658.78,1661.49,1210890000
20020528,1670.35,1671.35,1632.75,1652.17,1319250000
20020529,1639.27,1644.29,1624.31,1624.39,1418900000
20020530,1613.42,1637.65,1607.3,1631.92,1585850000
20020531,1641.1,1651.47,1615.62,1615.73,1682430000
20020603,1613.5,1621.5,1561.17,1562.56,1623120000
20020604,1559.25,1587.79,1548.31,1578.12,1881400000
20020605,1580.06,1595.42,1563.55,1595.26,1632920000
20020606,1583.65,1584.06,1550.72,1554.88,1630260000
20020607,1500.15,1549.17,1495.81,1535.48,2111740000
20020610,1536.98,1551.8,1526.96,1530.69,1518260000
20020611,1542.16,1547.5,1496.66,1497.18,1697040000
20020612,1491.36,1519.16,1474.56,1519.12,2057320000
20020613,1512.23,1526.41,1495.64,1496.88,1566910000
20020614,1471.97,1507.01,1445.44,1504.74,1827730000
20020617,1519.65,1555.07,1519.26,1553.29,1591840000
20020618,1544.19,1567.99,1542.77,1542.96,1589760000
20020619,1531.05,1538.36,1496.08,1496.83,1726700000
20020620,1494.8,1503.01,1461.59,1464.75,1709470000
20020621,1456.61,1480.05,1435.85,1440.96,1962900000
20020624,1429.56,1476.56,1414.69,1460.34,2050610000
20020625,1472.19,1475.58,1419.25,1423.99,1880680000
20020626,1379.87,1436.57,1375.53,1429.33,2061740000
20020627,1446.37,1459.41,1412.96,1459.2,1942590000
20020628,1454.98,1486.25,1454.71,1463.21,2575240000
20020701,1457.04,1459.84,1402.51,1403.8,2320650000
20020702,1395.37,1396.25,1356.03,1357.82,2722550000
20020703,1348.61,1380.38,1336.06,1380.17,2661060000
20020705,1401.03,1448.66,1401.03,1448.36,1120960000
20020708,1439.85,1452.56,1401.28,1405.61,1708150000
20020709,1405.37,1415.31,1379.57,1381.12,1704220000
20020710,1396.67,1396.95,1345.22,1346.01,1846320000
20020711,1339.65,1375.58,1323.59,1374.43,2298330000
20020712,1391.3,1402.45,1363.11,1373.5,2009340000
20020715,1365.79,1382.7,1315.3,1382.62,2117700000
20020716,1371.91,1407.59,1364.88,1375.26,2379260000
20020717,1408.1,1426.28,1370.21,1397.25,2338390000
20020718,1390.41,1395.29,1356.8,1356.95,1842360000
20020719,1336.39,1350.21,1309.94,1319.15,2396800000
20020722,1309.84,1332.1,1272.46,1282.65,2014410000
20020723,1287.59,1295.59,1228.88,1229.05,2238890000
20020724,1203.88,1290.4,1192.42,1290.23,2167790000
20020725,1277.16,1289.72,1220.93,1240.08,2353210000
20020726,1250.72,1264.67,1234.46,1262.12,1691540000
20020729,1286.81,1335.25,1286.54,1335.25,1944170000
20020730,1322.99,1354.48,1313.49,1344.19,1728270000
20020731,1331.82,1335.79,1307.01,1328.26,1633300000
20020801,1322.47,1326.1,1276.88,1280,1548860000
20020802,1279.1,1282.06,1235.57,1247.92,1419790000
20020805,1243.38,1247.84,1205.68,1206.01,1336720000
20020806,1224.8,1279.57,1224.8,1259.55,1535110000
20020807,1290.23,1298.12,1243.49,1280.9,1542880000
20020808,1278.34,1316.52,1263.31,1316.52,1523000000
20020809,1301.83,1322.07,1290.77,1306.12,1313750000
20020812,1293.88,1311.43,1286.91,1306.84,1054220000
20020813,1300.73,1324.43,1268.99,1269.28,1570660000
20020814,1273.94,1334.31,1265.19,1334.3,1629290000
20020815,1339.6,1350.92,1322.11,1345.01,1642850000
20020816,1333.26,1368.69,1325.99,1361.01,1389180000
20020819,1362.29,1397.06,1359.14,1394.54,1489490000
20020820,1384.47,1389.84,1370.98,1376.59,1396290000
20020821,1389.56,1410.88,1378.09,1409.25,1508530000
20020822,1410.75,1426.76,1398.83,1422.95,1654080000
20020823,1411.75,1411.75,1377.64,1380.62,1365830000
20020826,1387.2,1394.24,1360.43,1391.74,1261360000
20020827,1395.04,1396.4,1346.21,1347.78,1432360000
20020828,1339.42,1340.01,1312.25,1314.38,1351500000
20020829,1304.21,1345.37,1295.79,1335.77,1435190000
20020830,1326.05,1337.92,1314.69,1314.85,1089820000
20020903,1302.67,1302.67,1263.23,1263.84,1394260000
20020904,1268.65,1294.65,1261,1292.31,1493510000
20020905,1274.76,1274.76,1251,1251,1520290000
20020906,1280.27,1304.02,1280.27,1295.3,1320380000
20020909,1286.75,1310.33,1270.73,1304.6,1247540000
20020910,1306.13,1322.43,1299.53,1320.09,1441490000
20020911,1328.35,1347.27,1314.96,1315.45,1075670000
20020912,1305.72,1305.72,1279.09,1279.68,1192760000
20020913,1272.94,1292.36,1270.59,1291.4,1265530000
20020916,1286.85,1292.73,1267.69,1275.88,1097330000
20020917,1292.91,1298.5,1258.85,1259.94,1500330000
20020918,1244.52,1263.9,1233.08,1252.13,1570950000
20020919,1233.94,1242.91,1216.19,1216.45,1521130000
20020920,1229.47,1232.96,1216.24,1221.09,1796000000
20020923,1209.13,1209.72,1177.41,1184.93,1443330000
20020924,1170.95,1200.45,1169.04,1182.17,1666020000
20020925,1195.6,1227.23,1184.12,1222.29,1691640000
20020926,1231.85,1239.62,1206.91,1221.61,1664160000
20020927,1213.77,1235.08,1198.12,1199.16,1444460000
20020930,1187.48,1190.74,1160.07,1172.06,1682900000
20021001,1180.26,1214.01,1160.71,1213.72,1707860000
20021002,1208.03,1222.72,1183.76,1187.3,1763700000
20021003,1183.11,1197.96,1164.51,1165.56,1647320000
20021004,1174.58,1175.75,1135.27,1139.9,1587030000
20021007,1135.79,1145.79,1113.36,1119.4,1409850000
20021008,1129.82,1144.13,1109.64,1129.22,1836990000
20021009,1117.14,1135.89,1112.08,1114.11,1755730000
20021010,1116.76,1165.83,1108.49,1163.37,1837940000
20021011,1179.9,1220.12,1179.9,1210.47,1915390000
20021014,1198.5,1221.6,1193.42,1220.53,1204240000
20021015,1259.87,1282.74,1259.87,1282.44,2009640000
20021016,1239.54,1253.61,1229.06,1232.42,1585220000
20021017,1272.26,1283.21,1263.46,1272.29,1822740000
20021018,1270.13,1288.08,1253.44,1287.86,1665970000
20021021,1276.76,1312.53,1267.76,1309.67,1572970000
20021022,1285.54,1307.6,1280.66,1292.8,1723340000
20021023,1288.24,1320.25,1279.46,1320.23,1598320000
20021024,1325.08,1330.99,1296.54,1298.71,1944060000
20021025,1297.33,1331.33,1297.17,1331.13,1470040000
20021028,1345.72,1346.21,1310.63,1315.83,1636190000
20021029,1313.14,1318.93,1279.19,1300.54,1598410000
20021030,1307.49,1334.63,1300.55,1326.73,1675530000
20021031,1330.73,1347.58,1323.09,1329.75,1761680000
20021101,1320.95,1360.83,1313.72,1360.7,1842870000
20021104,1394.57,1420.03,1388.68,1396.54,2372480000
20021105,1386.87,1401.37,1379.33,1401.17,1704780000
20021106,1408.22,1419.04,1386.52,1418.99,2189420000
20021107,1397.54,1400.08,1371.47,1376.71,1758820000
20021108,1376.37,1389.77,1354.28,1359.28,1603460000
20021111,1355.1,1355.1,1319.07,1319.19,1267420000
20021112,1328.08,1367.97,1328.08,1349.56,1559650000
20021113,1342.22,1371.74,1334.13,1361.33,1901380000
20021114,1378.94,1411.63,1378.94,1411.52,1756210000
20021115,1396.11,1413.53,1386.14,1411.14,1700890000
20021118,1422.54,1425.42,1393.66,1393.69,1766300000
20021119,1387.11,1394.93,1367.76,1374.51,1620330000
20021120,1375.69,1419.64,1375.41,1419.35,1771370000
20021121,1431.13,1468.72,1430.08,1467.55,2441730000
20021122,1453.05,1475.35,1449.5,1468.74,1960160000
20021125,1470.64,1486.94,1461.13,1481.9,1952400000
20021126,1473.23,1478.73,1441.12,1444.43,1927670000
20021127,1463.27,1491.45,1462.62,1487.94,1734500000
20021129,1495.81,1497.44,1478.72,1478.78,841810000
20021202,1507.94,1521.44,1474.59,1484.78,1925550000
20021203,1474.69,1474.69,1445.23,1448.96,1651510000
20021204,1427.05,1444.18,1412.92,1430.35,1886070000
20021205,1444.74,1445.95,1410.58,1410.75,1462340000
20021206,1395.18,1430.39,1391.1,1422.44,1529800000
20021209,1411.4,1411.4,1367.07,1367.14,1496820000
20021210,1374.56,1397.84,1373.89,1390.76,1470250000
20021211,1382.1,1407.15,1377.71,1396.59,1423880000
20021212,1407.02,1411.69,1388.51,1399.55,1408220000
20021213,1387.71,1387.71,1362.42,1362.42,1371410000
20021216,1367.74,1400.49,1365.66,1400.33,1406210000
20021217,1396.33,1408.16,1385.37,1392.05,1336750000
20021218,1380.63,1380.63,1355.55,1361.51,1529600000
20021219,1358.61,1384.58,1346.18,1354.1,1654540000
20021220,1364.19,1370.79,1358.8,1363.05,1992120000
20021223,1359.92,1384.29,1358.29,1381.69,1193060000
20021224,1375.96,1382.93,1372.38,1372.47,523880000
20021226,1375.14,1392.58,1363.61,1367.89,812310000
20021227,1363.64,1369.21,1346.65,1348.31,804960000
20021230,1349.43,1353.38,1329.64,1339.54,1076580000
20021231,1336.83,1345.11,1327.19,1335.51,1166770000
20030102,1346.93,1384.91,1336.98,1384.85,1287540000
20030103,1382.36,1389.44,1374.61,1387.08,1149590000
20030106,1390.19,1428.65,1390.09,1421.32,1567690000
20030107,1424.26,1442.26,1416.23,1431.57,1755760000
20030108,1423.29,1424.12,1399.06,1401.07,1457010000
20030109,1414.47,1445.09,1414.47,1438.46,1685990000
20030110,1423.62,1457.45,1418.79,1447.72,1652320000
20030113,1461.73,1467.35,1436.98,1446.04,1376040000
20030114,1445.07,1461.12,1442.63,1460.99,1329340000
20030115,1461.04,1463.99,1435.29,1438.8,1513080000
20030116,1440.56,1449.13,1420.11,1423.75,1366550000
20030117,1401.37,1401.37,1376.18,1376.19,1433840000
20030121,1380.43,1386.71,1364.25,1364.25,1355410000
20030122,1361.01,1379.61,1358.23,1359.48,1477520000
20030123,1377.5,1393.67,1365.11,1388.27,1566510000
20030124,1382.35,1382.35,1340.22,1342.14,1568350000
20030127,1329.81,1349.83,1320.32,1325.27,1440300000
20030128,1335.43,1346.5,1321.44,1342.18,1406660000
20030129,1335.9,1363.31,1320.35,1358.06,1507590000
20030130,1360.55,1363.08,1322.06,1322.35,1446130000
20030131,1308.1,1331.04,1303.64,1320.91,1554810000
20030203,1324.74,1335.76,1318,1323.79,1256550000
20030204,1310.48,1310.48,1292.2,1306.15,1368150000
20030205,1314.67,1332.82,1299.35,1301.5,1367130000
20030206,1298.7,1310.51,1291.47,1301.73,1219320000
20030207,1310.92,1314.52,1278.54,1282.47,1228850000
20030210,1286.51,1298.57,1275.19,1296.68,1216440000
20030211,1301.54,1315.04,1285.77,1295.46,1296190000
20030212,1292.08,1301.11,1278.74,1278.97,1231070000
