20011112;4.88;4.88;4.88;4.88;0
20011113;4.91;4.94;4.89;4.91;0
20011114;4.94;5.02;4.94;5.02;0
20011115;5.07;5.2;5.06;5.2;0
20011116;5.18;5.3;5.15;5.3;0
20011119;5.3;5.31;5.2;5.2;0
20011120;5.21;5.31;5.2;5.31;0
20011121;5.29;5.4;5.29;5.35;0
20011123;5.32;5.39;5.3;5.37;0
20011126;5.38;5.38;5.3;5.37;0
20011127;5.36;5.39;5.33;5.36;0
20011128;5.34;5.37;5.31;5.36;0
20011129;5.33;5.33;5.23;5.23;0
20011130;5.24;5.29;5.2;5.26;0
20011203;5.27;5.3;5.25;5.25;0
20011204;5.26;5.28;5.2;5.21;0
20011205;5.22;5.42;5.22;5.36;0
20011206;5.39;5.46;5.37;5.46;0
20011207;5.46;5.65;5.43;5.6;0
20011210;5.56;5.61;5.53;5.58;0
20011211;5.53;5.55;5.48;5.55;0
20011212;5.51;5.52;5.45;5.45;0
20011213;5.45;5.57;5.41;5.53;0
20011214;5.51;5.57;5.49;5.57;0
20011217;5.62;5.72;5.61;5.66;0
20011218;5.57;5.58;5.52;5.53;0
20011219;5.49;5.51;5.44;5.44;0
20011220;5.46;5.49;5.4;5.44;0
20011221;5.43;5.46;5.41;5.46;0
20011224;5.46;5.5;5.45;5.49;0
20011226;5.49;5.53;5.49;5.51;0
20011227;5.54;5.55;5.49;5.49;0
20011228;5.49;5.57;5.48;5.54;0
20011231;5.54;5.55;5.47;5.48;0
20020102;5.49;5.58;5.45;5.56;0
20020103;5.55;5.56;5.53;5.54;0
20020104;5.53;5.63;5.51;5.57;0
20020107;5.55;5.55;5.49;5.49;0
20020108;5.5;5.52;5.47;5.5;0
20020109;5.55;5.55;5.5;5.5;0
20020110;5.5;5.51;5.39;5.41;0
20020111;5.41;5.42;5.34;5.36;0
20020114;5.36;5.38;5.33;5.38;0
20020115;5.38;5.39;5.32;5.34;0
20020116;5.33;5.38;5.31;5.34;0
20020117;5.36;5.42;5.36;5.41;0
20020118;5.41;5.43;5.37;5.37;0
20020122;5.38;5.4;5.36;5.37;0
20020123;5.41;5.48;5.38;5.46;0
20020124;5.47;5.48;5.43;5.46;0
20020125;5.47;5.53;5.47;5.48;0
20020128;5.48;5.5;5.44;5.47;0
20020129;5.49;5.51;5.4;5.4;0
20020130;5.4;5.43;5.37;5.41;0
20020131;5.42;5.44;5.38;5.43;0
20020204;5.37;5.38;5.34;5.35;0
20020205;5.34;5.41;5.32;5.37;0
20020206;5.34;5.38;5.33;5.37;0
20020207;5.4;5.43;5.38;5.42;0
20020208;5.43;5.44;5.35;5.38;0
20020211;5.39;5.41;5.39;5.4;0
20020212;5.4;5.45;5.38;5.45;0
20020213;5.46;5.51;5.46;5.46;0
20020214;5.48;5.48;5.41;5.42;0
20020215;5.4;5.41;5.36;5.37;0
20020219;5.36;5.41;5.36;5.39;0
20020220;5.4;5.4;5.35;5.39;0
20020221;5.4;5.42;5.37;5.38;0
20020222;5.34;5.35;5.32;5.34;0
20020225;5.35;5.38;5.35;5.37;0
20020226;5.36;5.43;5.36;5.42;0
20020227;5.43;5.46;5.37;5.38;0
20020228;5.37;5.42;5.37;5.41;0
20020301;5.43;5.51;5.42;5.5;0
20020304;5.52;5.54;5.51;5.51;0
20020305;5.51;5.53;5.48;5.49;0
20020306;5.49;5.53;5.49;5.53;0
20020307;5.55;5.65;5.54;5.65;0
20020308;5.67;5.74;5.66;5.72;0
20020311;5.68;5.73;5.68;5.72;0
20020312;5.69;5.73;5.67;5.72;0
20020313;5.74;5.75;5.7;5.72;0
20020314;5.76;5.82;5.73;5.82;0
20020315;5.82;5.84;5.75;5.78;0
20020318;5.77;5.78;5.72;5.74;0
20020319;5.73;5.78;5.7;5.78;0
20020320;5.72;5.84;5.72;5.83;0
20020321;5.82;5.86;5.79;5.8;0
20020322;5.82;5.83;5.78;5.8;0
20020325;5.82;5.85;5.8;5.8;0
20020326;5.78;5.8;5.73;5.75;0
20020327;5.74;5.76;5.73;5.75;0
20020328;5.76;5.85;5.75;5.82;0
20020401;5.8;5.84;5.78;5.82;0
20020402;5.84;5.86;5.76;5.76;0
20020403;5.78;5.79;5.73;5.73;0
20020404;5.71;5.73;5.69;5.71;0
20020405;5.72;5.72;5.65;5.67;0
20020408;5.68;5.71;5.65;5.7;0
20020409;5.72;5.72;5.67;5.68;0
20020410;5.68;5.71;5.66;5.69;0
20020411;5.7;5.7;5.65;5.67;0
20020412;5.68;5.71;5.64;5.65;0
20020415;5.64;5.67;5.61;5.62;0
20020416;5.66;5.69;5.64;5.65;0
20020417;5.67;5.73;5.66;5.72;0
20020418;5.75;5.75;5.68;5.72;0
20020419;5.72;5.73;5.68;5.69;0
20020422;5.68;5.69;5.67;5.67;0
20020423;5.67;5.67;5.65;5.66;0
20020424;5.66;5.66;5.61;5.61;0
20020425;5.58;5.62;5.58;5.62;0
20020426;5.61;5.64;5.59;5.59;0
20020429;5.6;5.63;5.59;5.62;0
20020430;5.63;5.63;5.59;5.59;0
20020501;5.59;5.59;5.53;5.57;0
20020502;5.58;5.61;5.57;5.59;0
20020503;5.58;5.59;5.52;5.54;0
20020506;5.55;5.56;5.54;5.55;0
20020507;5.54;5.57;5.53;5.55;0
20020508;5.59;5.67;5.59;5.66;0
20020509;5.67;5.69;5.63;5.64;0
20020510;5.66;5.67;5.6;5.61;0
20020513;5.62;5.7;5.61;5.68;0
20020514;5.7;5.78;5.69;5.75;0
20020515;5.74;5.78;5.72;5.74;0
20020516;5.73;5.74;5.68;5.7;0
20020517;5.71;5.77;5.71;5.74;0
20020520;5.73;5.73;5.69;5.69;0
20020521;5.7;5.72;5.66;5.67;0
20020522;5.64;5.65;5.62;5.63;0
20020523;5.65;5.68;5.57;5.67;0
20020524;5.65;5.68;5.64;5.67;0
20020528;5.69;5.7;5.65;5.67;0
20020529;5.66;5.68;5.62;5.63;0
20020530;5.62;5.64;5.6;5.61;0
20020531;5.6;5.66;5.58;5.61;0
20020603;5.64;5.67;5.61;5.62;0
20020604;5.58;5.63;5.57;5.61;0
20020605;5.64;5.66;5.62;5.65;0
20020606;5.66;5.68;5.61;5.62;0
20020607;5.61;5.67;5.59;5.65;0
20020610;5.67;5.67;5.61;5.61;0
20020611;5.63;5.64;5.55;5.56;0
20020612;5.56;5.57;5.52;5.53;0
20020613;5.54;5.54;5.48;5.5;0
20020617;5.43;5.48;5.42;5.47;0
20020618;5.43;5.48;5.43;5.47;0
20020619;5.44;5.45;5.39;5.39;0
20020620;5.39;5.46;5.38;5.46;0
20020621;5.45;5.45;5.39;5.4;0
20020624;5.38;5.47;5.36;5.46;0
20020625;5.46;5.51;5.45;5.47;0
20020626;5.36;5.43;5.32;5.41;0
20020627;5.45;5.53;5.43;5.51;0
20020628;5.51;5.54;5.49;5.52;0
20020701;5.51;5.56;5.5;5.5;0
20020702;5.48;5.5;5.44;5.45;0
20020703;5.45;5.47;5.43;5.44;0
20020705;5.48;5.53;5.46;5.53;0
20020708;5.5;5.52;5.49;5.49;0
20020709;5.49;5.51;5.42;5.43;0
20020710;5.43;5.45;5.35;5.36;0
20020711;5.35;5.37;5.29;5.35;0
20020712;5.39;5.39;5.32;5.34;0
20020715;5.34;5.38;5.31;5.38;0
20020716;5.38;5.47;5.37;5.46;0
20020717;5.47;5.49;5.42;5.42;0
20020718;5.44;5.46;5.41;5.41;0
20020719;5.39;5.4;5.35;5.35;0
20020722;5.34;5.34;5.28;5.29;0
20020723;5.32;5.33;5.27;5.28;0
20020724;5.22;5.31;5.18;5.3;0
20020725;5.33;5.36;5.28;5.29;0
20020726;5.29;5.34;5.28;5.3;0
20020729;5.35;5.41;5.33;5.4;0
20020730;5.4;5.42;5.36;5.39;0
20020731;5.39;5.4;5.29;5.3;0
20020801;5.31;5.33;5.28;5.29;0
20020802;5.28;5.29;5.2;5.2;0
20020805;5.2;5.21;5.15;5.18;0
20020806;5.22;5.26;5.2;5.25;0
20020807;5.24;5.25;5.18;5.21;0
20020808;5.25;5.26;5.21;5.24;0
20020809;5.18;5.2;5.11;5.12;0
20020812;5.11;5.11;5.05;5.07;0
20020813;5.06;5.07;5;5;0
20020814;4.94;4.94;4.83;4.88;0
20020815;4.96;4.98;4.94;4.98;0
20020816;4.97;5.1;4.95;5.09;0
20020819;5.08;5.1;5.05;5.05;0
20020820;5.04;5.04;4.97;4.98;0
20020821;5.01;5.03;4.99;5;0
20020822;5.03;5.09;5.03;5.08;0
20020823;5.07;5.08;5.02;5.03;0
20020826;5.05;5.06;4.99;5.01;0
20020827;5;5.08;5;5.07;0
20020828;5.03;5.03;5;5.01;0
20020829;4.99;4.99;4.95;4.97;0
20020830;4.95;4.97;4.93;4.94;0
20020903;4.88;4.9;4.81;4.82;0
20020904;4.81;4.83;4.78;4.78;0
20020905;4.78;4.82;4.76;4.77;0
20020906;4.79;4.88;4.7;4.87;0
20020909;4.86;4.87;4.82;4.86;0
20020910;4.89;4.91;4.81;4.83;0
20020911;4.91;4.92;4.88;4.88;0
20020912;4.87;4.87;4.81;4.82;0
20020913;4.8;4.81;4.75;4.76;0
20020916;4.79;4.79;4.73;4.74;0
20020917;4.8;4.82;4.73;4.74;0
20020918;4.73;4.76;4.71;4.74;0
20020919;4.73;4.75;4.7;4.71;0
20020920;4.75;4.76;4.72;4.74;0
20020923;4.71;4.71;4.68;4.68;0
20020924;4.67;4.68;4.61;4.64;0
20020925;4.66;4.74;4.66;4.72;0
20020926;4.72;4.79;4.71;4.73;0
20020927;4.71;4.73;4.68;4.69;0
20020930;4.67;4.67;4.62;4.66;0
20021001;4.71;4.76;4.71;4.74;0
20021002;4.73;4.76;4.71;4.73;0
20021003;4.72;4.76;4.71;4.74;0
20021004;4.73;4.82;4.7;4.73;0
20021007;4.7;4.73;4.68;4.71;0
20021008;4.71;4.73;4.63;4.71;0
20021009;4.67;4.68;4.64;4.66;0
20021010;4.67;4.73;4.67;4.71;0
20021011;4.73;4.82;4.72;4.82;0
20021014;4.83;4.83;4.83;4.83;0
20021015;4.89;4.97;4.88;4.96;0
20021016;4.97;5.01;4.95;5;0
20021017;5.04;5.1;5.04;5.08;0
20021018;5.08;5.17;5.06;5.08;0
20021021;5.07;5.14;5.04;5.13;0
20021022;5.12;5.16;5.11;5.15;0
20021023;5.12;5.18;5.09;5.17;0
20021024;5.17;5.21;5.11;5.11;0
20021025;5.11;5.11;5.07;5.08;0
20021028;5.09;5.12;5.07;5.11;0
20021029;5.09;5.09;4.97;5.01;0
20021030;5.03;5.05;4.99;5.03;0
20021031;5.03;5.05;4.97;5.01;0
20021101;5;5.09;4.99;5.02;0
20021104;5.06;5.09;5.05;5.06;0
20021105;5.07;5.11;5.05;5.09;0
20021106;5.12;5.13;5.02;5.07;0
20021107;4.99;5;4.88;4.89;0
20021108;4.86;4.86;4.78;4.79;0
20021111;4.79;4.79;4.79;4.79;0
20021112;4.74;4.81;4.72;4.8;0
20021113;4.8;4.83;4.77;4.79;0
20021114;4.81;4.93;4.81;4.93;0
20021115;4.96;4.99;4.89;4.92;0
20021118;4.94;4.95;4.89;4.89;0
20021119;4.86;4.88;4.82;4.86;0
20021120;4.84;4.95;4.82;4.94;0
20021121;4.94;5.04;4.94;5.01;0
20021122;5.02;5.03;4.99;5.02;0
20021125;5.04;5.04;4.99;5.03;0
20021126;5.01;5.02;4.94;4.94;0
20021127;4.97;5.11;4.97;5.11;0
20021129;5.07;5.09;5.04;5.05;0
20021202;5.15;5.16;5.03;5.04;0
20021203;5.02;5.07;5.01;5.06;0
20021204;5.02;5.03;4.98;5.02;0
20021205;5.03;5.07;4.96;4.97;0
20021206;4.97;5.03;4.87;4.98;0
20021209;4.96;5;4.92;4.94;0
20021210;4.96;4.96;4.91;4.91;0
20021211;4.92;4.92;4.85;4.86;0
20021212;4.88;4.91;4.86;4.87;0
20021213;4.88;4.96;4.86;4.94;0
20021216;4.95;5.02;4.92;5.01;0
20021217;5;5.04;4.98;5.01;0
20021218;4.99;5;4.96;4.98;0
20021219;4.97;4.97;4.89;4.9;0
20021220;4.92;4.93;4.88;4.89;0
20021223;4.88;4.93;4.87;4.9;0
20021224;4.89;4.89;4.84;4.87;0
20021226;4.87;4.88;4.86;4.86;0
20021227;4.85;4.86;4.78;4.78;0
20021230;4.8;4.82;4.74;4.76;0
20021231;4.76;4.79;4.71;4.78;0
20030102;4.83;4.97;4.8;4.96;0
20030103;4.98;5.01;4.95;4.95;0
20030106;4.98;5.02;4.97;4.98;0
20030107;4.97;5;4.93;4.96;0
20030108;4.94;4.95;4.91;4.92;0
20030109;4.97;5.09;4.97;5.06;0
20030110;5.05;5.08;5;5.06;0
20030113;5.09;5.09;5.01;5.03;0
20030114;5.02;5.03;4.98;5;0
20030115;5.01;5.01;4.95;4.98;0
20030116;4.98;5.05;4.96;4.97;0
20030117;4.95;4.95;4.92;4.93;0
20030121;4.91;4.95;4.9;4.91;0
20030122;4.88;4.89;4.86;4.86;0
20030123;4.88;4.91;4.87;4.9;0
20030124;4.87;4.88;4.82;4.84;0
20030127;4.83;4.9;4.83;4.87;0
20030128;4.88;4.93;4.86;4.88;0
20030129;4.86;4.93;4.85;4.92;0
20030130;4.91;4.94;4.88;4.88;0
20030131;4.87;4.89;4.83;4.85;0
20030203;4.87;4.87;4.84;4.84;0
20030204;4.82;4.82;4.79;4.79;0
20030205;4.79;4.87;4.78;4.86;0
20030206;4.85;4.86;4.8;4.81;0
20030207;4.83;4.89;4.79;4.8;0
20030210;4.84;4.87;4.81;4.86;0
20030211;4.88;4.89;4.85;4.86;0
20030212;4.84;4.88;4.84;4.85;0
20030213;4.84;4.85;4.77;4.81;0
20030214;4.82;4.89;4.81;4.88;0
20030218;4.88;4.92;4.86;4.87;0
20030219;4.85;4.85;4.8;4.82;0
20030220;4.83;4.84;4.79;4.8;0
20030221;4.8;4.86;4.8;4.85;0
20030224;4.82;4.82;4.8;4.81;0
20030225;4.78;4.79;4.75;4.78;0
20030226;4.78;4.78;4.74;4.74;0
20030227;4.73;4.77;4.72;4.73;0
20030228;4.72;4.76;4.67;4.68;0
20030303;4.69;4.7;4.66;4.68;0
20030304;4.67;4.7;4.66;4.67;0
20030305;4.66;4.71;4.65;4.66;0
20030306;4.67;4.71;4.65;4.69;0
20030307;4.68;4.71;4.65;4.67;0
20030310;4.66;4.66;4.64;4.65;0
20030311;4.65;4.66;4.62;4.65;0
20030312;4.63;4.65;4.6;4.62;0
20030313;4.66;4.73;4.65;4.72;0
20030314;4.73;4.74;4.7;4.71;0
20030317;4.68;4.8;4.66;4.79;0
20030318;4.8;4.86;4.76;4.85;0
20030319;4.9;4.93;4.88;4.91;0
20030320;4.91;4.99;4.88;4.96;0
20030321;4.96;5.04;4.95;5.03;0
20030324;4.97;4.98;4.91;4.93;0
20030325;4.91;4.98;4.89;4.94;0
20030326;4.93;4.95;4.91;4.93;0
20030327;4.9;4.94;4.89;4.93;0
20030328;4.91;4.92;4.89;4.91;0
20030331;4.88;4.88;4.82;4.84;0
20030401;4.82;4.88;4.8;4.84;0
20030402;4.88;4.93;4.87;4.92;0
20030403;4.94;4.95;4.9;4.94;0
20030404;4.94;4.99;4.93;4.96;0
20030407;5.02;5.06;4.99;5;0
20030408;4.99;4.99;4.92;4.93;0
20030409;4.9;4.95;4.89;4.91;0
20030410;4.9;4.94;4.9;4.93;0
20030411;4.96;5;4.94;4.95;0
20030414;4.96;5;4.95;4.98;0
20030415;4.98;4.98;4.93;4.94;0
20030416;4.96;4.96;4.9;4.91;0
20030417;4.9;4.9;4.86;4.89;0
20030421;4.9;4.95;4.89;4.9;0
20030422;4.87;4.91;4.85;4.9;0
20030423;4.91;4.92;4.88;4.9;0
20030424;4.86;4.88;4.81;4.82;0
20030425;4.84;4.85;4.8;4.82;0
20030428;4.81;4.83;4.79;4.82;0
20030429;4.84;4.87;4.82;4.84;0
20030430;4.84;4.86;4.78;4.78;0
20030501;4.76;4.8;4.72;4.79;0
20030502;4.79;4.85;4.77;4.83;0
20030505;4.84;4.85;4.8;4.8;0
20030506;4.81;4.83;4.76;4.76;0
20030507;4.7;4.72;4.69;4.69;0
20030508;4.66;4.7;4.64;4.67;0
20030509;4.69;4.71;4.67;4.68;0
20030512;4.64;4.67;4.63;4.65;0
20030513;4.65;4.66;4.62;4.63;0
20030514;4.61;4.61;4.48;4.52;0
20030515;4.47;4.5;4.43;4.49;0
20030516;4.46;4.5;4.43;4.44;0
20030519;4.4;4.48;4.39;4.46;0
20030520;4.48;4.49;4.35;4.36;0
20030521;4.39;4.41;4.28;4.34;0
20030522;4.32;4.34;4.29;4.3;0
20030523;4.25;4.27;4.23;4.25;0
20030527;4.26;4.36;4.26;4.36;0
20030528;4.43;4.47;4.4;4.41;0
20030529;4.41;4.41;4.35;4.35;0
20030530;4.35;4.41;4.34;4.36;0
20030602;4.41;4.46;4.39;4.43;0
20030603;4.41;4.42;4.34;4.36;0
20030604;4.39;4.4;4.35;4.35;0
20030605;4.32;4.4;4.28;4.39;0
20030606;4.37;4.44;4.36;4.39;0
20030609;4.34;4.36;4.33;4.34;0
20030610;4.35;4.35;4.26;4.26;0
20030611;4.24;4.25;4.2;4.24;0
20030612;4.26;4.27;4.2;4.22;0
20030613;4.2;4.2;4.16;4.17;0
20030616;4.16;4.23;4.14;4.22;0
20030617;4.22;4.31;4.21;4.3;0
20030618;4.34;4.4;4.32;4.39;0
20030619;4.4;4.46;4.39;4.42;0
20030620;4.4;4.5;4.4;4.46;0
20030623;4.44;4.46;4.39;4.39;0
20030624;4.41;4.43;4.34;4.34;0
20030625;4.32;4.46;4.3;4.44;0
20030626;4.52;4.57;4.48;4.56;0
20030627;4.54;4.62;4.52;4.61;0
20030630;4.58;4.62;4.56;4.57;0
20030701;4.55;4.61;4.53;4.6;0
20030702;4.63;4.64;4.56;4.58;0
20030703;4.63;4.69;4.58;4.68;0
20030707;4.7;4.74;4.67;4.73;0
20030708;4.72;4.77;4.7;4.73;0
20030709;4.7;4.73;4.67;4.71;0
20030710;4.67;4.73;4.66;4.71;0
20030711;4.72;4.72;4.68;4.68;0
20030714;4.71;4.77;4.67;4.76;0
20030715;4.76;4.96;4.74;4.93;0
20030716;4.98;5.02;4.9;4.9;0
20030717;4.89;4.98;4.89;4.9;0
20030718;4.91;4.96;4.9;4.91;0
20030721;4.93;5.08;4.92;5.08;0
20030722;5.07;5.13;5.05;5.05;0
20030723;5.04;5.06;4.99;5.04;0
20030724;5.04;5.13;5.04;5.09;0
20030725;5.08;5.14;5.02;5.12;0
20030728;5.16;5.22;5.14;5.22;0
20030729;5.25;5.31;5.15;5.3;0
20030730;5.27;5.3;5.19;5.24;0
20030731;5.19;5.45;5.19;5.41;0
20030801;5.48;5.49;5.31;5.33;0
20030804;5.3;5.36;5.28;5.29;0
20030805;5.24;5.4;5.24;5.38;0
20030806;5.36;5.37;5.24;5.25;0
20030807;5.23;5.3;5.21;5.23;0
20030808;5.19;5.25;5.14;5.25;0
20030811;5.27;5.32;5.25;5.3;0
20030812;5.27;5.31;5.24;5.29;0
20030813;5.38;5.47;5.36;5.45;0
20030814;5.46;5.49;5.4;5.43;0
20030815;5.37;5.41;5.34;5.4;0
20030818;5.41;5.43;5.34;5.36;0
20030819;5.37;5.38;5.24;5.25;0
20030820;5.25;5.32;5.22;5.29;0
20030821;5.29;5.35;5.25;5.31;0
20030822;5.28;5.3;5.22;5.24;0
20030825;5.24;5.36;5.22;5.31;0
20030826;5.32;5.36;5.26;5.28;0
20030827;5.27;5.33;5.26;5.31;0
20030828;5.3;5.31;5.22;5.22;0
20030829;5.23;5.26;5.2;5.22;0
20030902;5.28;5.35;5.24;5.34;0
20030903;5.3;5.37;5.3;5.35;0
20030904;5.34;5.35;5.3;5.32;0
20030905;5.3;5.3;5.19;5.21;0
20030908;5.22;5.24;5.15;5.24;0
20030909;5.26;5.29;5.21;5.23;0
20030910;5.23;5.24;5.15;5.16;0
20030911;5.18;5.24;5.16;5.22;0
20030912;5.2;5.2;5.09;5.18;0
20030915;5.18;5.22;5.14;5.17;0
20030916;5.21;5.24;5.18;5.22;0
20030917;5.16;5.19;5.09;5.11;0
20030918;5.06;5.16;5.05;5.1;0
20030919;5.04;5.09;5.03;5.06;0
20030922;5.11;5.2;5.1;5.14;0
20030923;5.17;5.17;5.09;5.1;0
20030924;5.09;5.11;5.01;5.03;0
20030925;5.03;5.06;5;5;0
20030926;5;5.02;4.93;4.95;0
20030929;4.96;5.01;4.95;5.01;0
20030930;4.99;5;4.88;4.88;0
20031001;4.89;4.92;4.87;4.89;0
20031002;4.93;5;4.91;4.94;0
20031003;4.96;5.11;4.96;5.1;0
20031006;5.09;5.12;5.05;5.06;0
20031007;5.07;5.16;5.05;5.15;0
20031008;5.15;5.18;5.13;5.17;0
20031009;5.18;5.25;5.18;5.22;0
20031010;5.22;5.22;5.16;5.17;0
20031013;5.18;5.18;5.18;5.18;0
20031014;5.24;5.26;5.2;5.26;0
20031015;5.27;5.33;5.27;5.3;0
20031016;5.29;5.33;5.24;5.31;0
20031017;5.3;5.33;5.24;5.25;0
20031020;5.28;5.29;5.2;5.23;0
20031021;5.23;5.24;5.19;5.22;0
20031022;5.16;5.18;5.13;5.16;0
20031023;5.13;5.24;5.12;5.19;0
20031024;5.17;5.18;5.1;5.1;0
20031027;5.13;5.16;5.11;5.14;0
20031028;5.15;5.19;5.09;5.09;0
20031029;5.11;5.17;5.1;5.16;0
20031030;5.16;5.26;5.16;5.2;0
20031031;5.2;5.2;5.13;5.14;0
20031103;5.16;5.21;5.15;5.18;0
20031104;5.16;5.16;5.12;5.14;0
20031105;5.13;5.19;5.12;5.18;0
20031106;5.19;5.26;5.18;5.24;0
20031107;5.24;5.3;5.2;5.26;0
20031110;5.24;5.29;5.23;5.28;0
20031111;5.28;5.28;5.28;5.28;0
20031112;5.24;5.24;5.2;5.22;0
20031113;5.19;5.2;5.1;5.11;0
20031114;5.1;5.14;5.06;5.06;0
20031117;5.04;5.06;5;5.04;0
20031118;5.04;5.07;5.01;5.02;0
20031119;5.02;5.1;5;5.08;0
20031120;5.06;5.07;5;5.02;0
20031121;4.99;5.01;4.97;5;0
20031124;5.04;5.08;5.03;5.06;0
20031125;5.07;5.09;5.01;5.03;0
20031126;5.01;5.07;5.01;5.07;0
20031128;5.11;5.13;5.1;5.13;0
20031201;5.13;5.21;5.13;5.16;0
20031202;5.15;5.2;5.14;5.15;0
20031203;5.16;5.21;5.13;5.18;0
20031204;5.19;5.2;5.14;5.16;0
20031205;5.08;5.11;5.02;5.05;0
20031208;5.08;5.13;5.06;5.12;0
20031209;5.1;5.18;5.06;5.17;0
20031210;5.14;5.18;5.12;5.15;0
20031211;5.17;5.2;5.1;5.11;0
20031212;5.13;5.14;5.06;5.09;0
20031215;5.11;5.13;5.06;5.1;0
20031216;5.1;5.12;5.06;5.08;0
20031217;5.05;5.05;5;5.03;0
20031218;5.01;5.03;4.96;4.96;0
20031219;4.95;5;4.95;4.96;0
20031222;4.94;5;4.93;4.99;0
20031223;4.99;5.06;4.98;5.05;0
20031224;5.03;5.04;4.99;4.99;0
20031226;4.99;4.99;4.97;4.97;0
20031229;4.99;5.04;4.99;5.03;0
20031230;5.06;5.1;5.05;5.09;0
20031231;5.08;5.09;5.07;5.07;0
20040102;5.09;5.2;5.09;5.18;0
20040105;5.18;5.22;5.17;5.18;0
20040106;5.15;5.16;5.08;5.11;0
20040107;5.12;5.14;5.06;5.08;0
20040108;5.1;5.11;5.07;5.08;0
20040109;5.09;5.09;4.95;4.97;0
20040112;4.98;4.99;4.92;4.97;0
20040113;4.99;5;4.93;4.94;0
20040114;4.92;4.95;4.88;4.88;0
20040115;4.88;4.91;4.86;4.86;0
20040116;4.83;4.89;4.8;4.88;0
20040120;4.89;4.93;4.89;4.93;0
20040121;4.92;4.94;4.9;4.92;0
20040122;4.9;4.91;4.84;4.86;0
20040123;4.83;4.95;4.81;4.94;0
20040126;4.95;5;4.93;4.99;0
20040127;4.97;4.99;4.94;4.95;0
20040128;4.97;5.06;4.9;5.02;0
20040129;5.02;5.05;5;5.01;0
20040130;5.01;5.01;4.95;4.97;0
20040202;4.99;5;4.95;4.99;0
20040203;4.95;4.98;4.94;4.96;0
20040204;4.96;5;4.95;4.96;0
20040205;4.98;5.01;4.94;4.99;0
20040206;4.99;5.01;4.91;4.93;0
20040209;4.93;4.93;4.9;4.91;0
20040210;4.91;4.96;4.9;4.94;0
20040211;4.95;4.97;4.87;4.9;0
20040212;4.9;4.94;4.89;4.94;0
20040213;4.91;4.93;4.88;4.92;0
20040217;4.91;4.93;4.9;4.92;0
20040218;4.9;4.92;4.87;4.91;0
20040219;4.92;4.94;4.9;4.91;0
20040220;4.91;4.97;4.9;4.95;0
20040223;4.96;4.96;4.92;4.92;0
20040224;4.89;4.92;4.87;4.9;0
20040225;4.89;4.9;4.87;4.89;0
20040226;4.89;4.94;4.89;4.92;0
20040227;4.89;4.9;4.86;4.86;0
20040301;4.85;4.87;4.81;4.86;0
20040302;4.86;4.93;4.86;4.9;0
20040303;4.92;4.95;4.9;4.91;0
20040304;4.92;4.93;4.87;4.88;0
20040305;4.88;4.88;4.7;4.74;0
20040308;4.73;4.74;4.7;4.71;0
20040309;4.72;4.72;4.66;4.67;0
20040310;4.67;4.69;4.65;4.68;0
20040311;4.65;4.72;4.64;4.69;0
20040312;4.67;4.72;4.67;4.71;0
20040315;4.69;4.72;4.68;4.71;0
20040316;4.7;4.74;4.65;4.65;0
20040317;4.63;4.67;4.62;4.64;0
20040318;4.66;4.72;4.66;4.7;0
20040319;4.7;4.72;4.69;4.72;0
20040322;4.69;4.7;4.67;4.67;0
20040323;4.68;4.69;4.66;4.67;0
20040324;4.66;4.67;4.63;4.66;0
20040325;4.67;4.69;4.67;4.69;0
20040326;4.71;4.78;4.7;4.77;0
20040329;4.78;4.84;4.78;4.81;0
20040330;4.79;4.82;4.78;4.82;0
20040331;4.8;4.81;4.77;4.78;0
20040401;4.78;4.84;4.78;4.82;0
20040402;4.82;5.01;4.82;4.97;0
20040405;4.99;5.05;4.98;5.04;0
20040406;5.01;5.03;5;5.02;0
20040407;5;5.02;4.97;5.01;0
20040408;5.02;5.04;5;5.03;0
20040412;5.05;5.07;5.04;5.06;0
20040413;5.08;5.16;5.01;5.15;0
20040414;5.16;5.25;5.16;5.17;0
20040415;5.15;5.21;5.14;5.2;0
20040416;5.18;5.2;5.15;5.18;0
20040419;5.16;5.2;5.14;5.2;0
20040420;5.2;5.24;5.19;5.23;0
20040421;5.26;5.27;5.21;5.23;0
20040422;5.23;5.24;5.19;5.19;0
20040423;5.19;5.26;5.19;5.25;0
20040426;5.23;5.24;5.22;5.22;0
20040427;5.21;5.24;5.2;5.21;0
20040428;5.22;5.27;5.21;5.26;0
20040429;5.3;5.34;5.24;5.31;0
20040430;5.3;5.32;5.27;5.28;0
20040503;5.31;5.31;5.26;5.28;0
20040504;5.27;5.35;5.25;5.33;0
20040505;5.3;5.36;5.29;5.35;0
20040506;5.36;5.39;5.35;5.38;0
20040507;5.36;5.49;5.34;5.46;0
20040510;5.47;5.49;5.44;5.48;0
20040511;5.48;5.5;5.46;5.47;0
20040512;5.47;5.51;5.45;5.51;0
20040513;5.53;5.56;5.51;5.56;0
20040514;5.58;5.6;5.48;5.5;0
20040517;5.48;5.49;5.43;5.44;0
20040518;5.46;5.48;5.44;5.45;0
20040519;5.49;5.51;5.48;5.5;0
20040520;5.48;5.48;5.43;5.43;0
20040521;5.41;5.47;5.4;5.46;0
20040524;5.45;5.46;5.43;5.44;0
20040525;5.42;5.43;5.4;5.41;0
20040526;5.39;5.4;5.38;5.38;0
20040527;5.39;5.39;5.31;5.31;0
20040528;5.34;5.37;5.32;5.35;0
20040601;5.37;5.43;5.37;5.4;0
20040602;5.4;5.42;5.39;5.42;0
20040603;5.44;5.45;5.4;5.41;0
20040604;5.41;5.46;5.37;5.46;0
20040607;5.47;5.49;5.45;5.46;0
20040608;5.47;5.5;5.45;5.45;0
20040609;5.46;5.51;5.46;5.49;0
20040610;5.48;5.5;5.46;5.47;0
20040614;5.5;5.54;5.48;5.53;0
20040615;5.5;5.5;5.37;5.37;0
20040616;5.4;5.42;5.39;5.41;0
20040617;5.41;5.43;5.36;5.36;0
20040618;5.35;5.39;5.33;5.38;0
20040621;5.37;5.39;5.36;5.37;0
20040622;5.39;5.4;5.38;5.39;0
20040623;5.41;5.42;5.37;5.38;0
20040624;5.37;5.37;5.31;5.34;0
20040625;5.34;5.37;5.34;5.34;0
20040628;5.33;5.42;5.32;5.41;0
20040629;5.39;5.43;5.37;5.37;0
20040630;5.36;5.37;5.29;5.31;0
20040701;5.31;5.34;5.29;5.29;0
20040702;5.29;5.3;5.17;5.21;0
20040706;5.21;5.23;5.19;5.22;0
20040707;5.23;5.24;5.21;5.22;0
20040708;5.23;5.24;5.2;5.22;0
20040709;5.23;5.24;5.21;5.22;0
20040712;5.2;5.2;5.18;5.2;0
20040713;5.22;5.25;5.22;5.22;0
20040714;5.2;5.23;5.19;5.22;0
20040715;5.22;5.23;5.21;5.22;0
20040716;5.22;5.23;5.12;5.12;0
20040719;5.13;5.13;5.11;5.12;0
20040720;5.13;5.19;5.12;5.18;0
20040721;5.19;5.23;5.19;5.21;0
20040722;5.19;5.22;5.18;5.19;0
20040723;5.19;5.19;5.17;5.17;0
20040726;5.17;5.21;5.17;5.2;0
20040727;5.22;5.32;5.22;5.31;0
20040728;5.33;5.35;5.3;5.31;0
20040729;5.34;5.35;5.29;5.3;0
20040730;5.29;5.29;5.2;5.2;0
20040802;5.17;5.2;5.17;5.19;0
20040803;5.2;5.2;5.16;5.16;0
20040804;5.16;5.19;5.14;5.17;0
20040805;5.17;5.18;5.14;5.15;0
20040806;5.14;5.15;4.97;5.04;0
20040809;5.05;5.06;5.04;5.05;0
20040810;5.06;5.07;5.03;5.07;0
20040811;5.08;5.09;5.05;5.06;0
20040812;5.06;5.09;5.04;5.05;0
20040813;5.04;5.04;4.99;5.01;0
20040816;5.04;5.07;5.02;5.05;0
20040817;5.06;5.06;5.01;5.01;0
20040818;5;5.04;4.98;5.03;0
20040819;5.03;5.05;5.01;5.02;0
20040820;5.03;5.05;5.01;5.03;0
20040823;5.06;5.09;5.06;5.07;0
20040824;5.08;5.1;5.07;5.07;0
20040825;5.08;5.09;5.03;5.05;0
20040826;5.05;5.05;5.01;5.02;0
20040827;5;5.03;4.99;5.02;0
20040830;5.01;5.01;4.99;4.99;0
20040831;4.98;4.99;4.91;4.94;0
20040901;4.91;4.96;4.9;4.93;0
20040902;4.93;4.99;4.92;4.99;0
20040903;4.98;5.06;4.97;5.06;0
20040907;5.04;5.05;5.01;5.01;0
20040908;5.03;5.06;4.95;4.95;0
20040909;4.94;4.99;4.93;4.99;0
20040910;4.98;4.98;4.93;4.97;0
20040913;4.98;4.98;4.94;4.94;0
20040914;4.93;4.97;4.93;4.93;0
20040915;4.94;4.97;4.93;4.96;0
20040916;4.96;4.97;4.86;4.88;0
20040917;4.87;4.92;4.87;4.92;0
20040920;4.91;4.91;4.86;4.86;0
20040921;4.87;4.9;4.83;4.84;0
20040922;4.83;4.85;4.76;4.78;0
20040923;4.78;4.8;4.76;4.8;0
20040924;4.79;4.82;4.78;4.8;0
20040927;4.8;4.8;4.76;4.77;0
20040928;4.76;4.82;4.76;4.8;0
20040929;4.82;4.88;4.82;4.86;0
20040930;4.85;4.93;4.84;4.89;0
20041001;4.92;4.96;4.92;4.95;0
20041004;4.97;4.99;4.93;4.93;0
20041005;4.94;4.95;4.92;4.93;0
20041006;4.94;4.98;4.94;4.97;0
20041007;4.97;5.01;4.96;5;0
20041008;5.01;5.01;4.89;4.9;0
20041011;4.91;4.91;4.91;4.91;0
20041012;4.88;4.89;4.86;4.88;0
20041013;4.9;4.91;4.86;4.87;0
20041014;4.86;4.87;4.82;4.82;0
20041015;4.81;4.89;4.8;4.85;0
20041018;4.85;4.87;4.84;4.84;0
20041019;4.85;4.88;4.82;4.82;0
20041020;4.79;4.8;4.77;4.78;0
20041021;4.76;4.79;4.75;4.77;0
20041022;4.8;4.8;4.76;4.76;0
20041025;4.74;4.76;4.73;4.75;0
20041026;4.75;4.77;4.74;4.76;0
20041027;4.76;4.85;4.74;4.85;0
20041028;4.85;4.88;4.81;4.84;0
20041029;4.84;4.85;4.79;4.79;0
20041101;4.81;4.85;4.81;4.85;0
20041102;4.85;4.86;4.84;4.84;0
20041103;4.87;4.89;4.82;4.82;0
20041104;4.82;4.82;4.79;4.81;0
20041105;4.82;4.93;4.81;4.91;0
20041108;4.91;4.94;4.91;4.93;0
20041109;4.93;4.94;4.91;4.94;0
20041110;4.95;4.99;4.94;4.98;0
20041111;4.97;4.97;4.97;4.97;0
20041112;4.94;4.96;4.88;4.91;0
20041115;4.91;4.92;4.89;4.9;0
20041116;4.88;4.92;4.88;4.9;0
20041117;4.91;4.93;4.83;4.84;0
20041118;4.84;4.86;4.81;4.82;0
20041119;4.81;4.89;4.79;4.88;0
20041122;4.86;4.87;4.83;4.83;0
20041123;4.86;4.86;4.8;4.84;0
20041124;4.83;4.84;4.82;4.84;0
20041126;4.89;4.89;4.88;4.88;0
20041129;4.88;4.98;4.88;4.97;0
20041130;4.98;5.03;4.98;5.01;0
20041201;5;5.04;4.99;5.03;0
20041202;5.02;5.06;5.01;5.05;0
20041203;5.06;5.07;4.91;4.94;0
20041206;4.91;4.93;4.89;4.91;0
20041207;4.91;4.92;4.89;4.89;0
20041208;4.88;4.88;4.78;4.78;0
20041209;4.8;4.84;4.78;4.83;0
20041210;4.8;4.84;4.8;4.82;0
20041213;4.8;4.83;4.78;4.81;0
20041214;4.82;4.83;4.78;4.78;0
20041215;4.74;4.74;4.7;4.71;0
20041216;4.72;4.83;4.72;4.82;0
20041217;4.81;4.88;4.8;4.84;0
20041220;4.82;4.83;4.8;4.82;0
20041221;4.8;4.82;4.79;4.8;0
20041222;4.81;4.84;4.8;4.83;0
20041223;4.84;4.86;4.83;4.84;0
20041227;4.86;4.93;4.86;4.92;0
20041228;4.93;4.95;4.91;4.92;0
20041229;4.92;4.94;4.91;4.94;0
20041230;4.94;4.94;4.87;4.88;0
20041231;4.85;4.86;4.82;4.82;0
20050103;4.86;4.87;4.8;4.82;0
20050104;4.81;4.9;4.79;4.88;0
20050105;4.89;4.89;4.83;4.85;0
20050106;4.86;4.87;4.83;4.85;0
20050107;4.84;4.86;4.78;4.85;0
20050110;4.84;4.85;4.82;4.83;0
20050111;4.83;4.83;4.77;4.79;0
20050112;4.79;4.82;4.76;4.77;0
20050113;4.77;4.77;4.7;4.72;0
20050114;4.7;4.75;4.68;4.73;0
20050118;4.73;4.75;4.69;4.69;0
20050119;4.64;4.7;4.63;4.67;0
20050120;4.69;4.7;4.64;4.65;0
20050121;4.68;4.69;4.64;4.65;0
20050124;4.64;4.65;4.61;4.61;0
20050125;4.6;4.68;4.59;4.68;0
20050126;4.68;4.68;4.65;4.66;0
20050127;4.68;4.7;4.67;4.67;0
20050128;4.66;4.67;4.6;4.61;157900
20050131;4.62;4.62;4.59;4.59;158000
20050201;4.57;4.61;4.57;4.59;157900
20050202;4.6;4.61;4.57;4.58;157900
20050203;4.59;4.62;4.58;4.58;157900
20050204;4.57;4.57;4.46;4.48;158000
20050207;4.47;4.48;4.42;4.42;158000
20050208;4.43;4.43;4.35;4.39;158000
20050209;4.38;4.43;4.35;4.36;159600
20050210;4.42;4.48;4.4;4.47;159600
20050211;4.5;4.51;4.45;4.49;157900
20050214;4.48;4.48;4.43;4.45;158000
20050215;4.46;4.5;4.46;4.48;158000
20050216;4.49;4.55;4.49;4.52;159700
20050217;4.55;4.58;4.53;4.57;158000
20050218;4.62;4.69;4.62;4.64;110800
20050222;4.67;4.69;4.66;4.68;158000
20050223;4.68;4.69;4.62;4.66;158000
20050224;4.64;4.67;4.6;4.66;158000
20050225;4.65;4.67;4.62;4.64;158000
20050228;4.64;4.73;4.63;4.71;157900
20050301;4.71;4.75;4.71;4.72;157800
20050302;4.74;4.76;4.72;4.74;157900
20050303;4.73;4.74;4.71;4.74;157900
20050304;4.75;4.78;4.64;4.65;158000
20050307;4.63;4.64;4.61;4.62;159000
20050308;4.65;4.7;4.65;4.69;0
20050309;4.8;4.82;4.75;4.82;158100
20050310;4.85;4.86;4.73;4.76;157200
20050311;4.79;4.83;4.78;4.81;157700
20050314;4.82;4.84;4.78;4.78;158000
20050315;4.76;4.82;4.74;4.81;158000
20050316;4.81;4.82;4.75;4.79;159400
20050317;4.76;4.77;4.72;4.76;0
20050318;4.79;4.81;4.78;4.81;158000
20050321;4.82;4.83;4.81;4.83;0
20050322;4.82;4.9;4.78;4.89;0
20050323;4.86;4.93;4.86;4.86;0
20050324;4.84;4.86;4.82;4.84;110900
20050328;4.86;4.89;4.85;4.88;0
20050329;4.87;4.87;4.84;4.85;0
20050330;4.84;4.86;4.8;4.81;0
20050331;4.81;4.81;4.76;4.77;0
20050401;4.75;4.81;4.66;4.73;0
20050404;4.73;4.74;4.7;4.73;0
20050405;4.75;4.77;4.73;4.75;0
20050406;4.75;4.75;4.72;4.74;0
20050407;4.74;4.8;4.72;4.78;0
20050408;4.8;4.82;4.77;4.78;157900
20050411;4.77;4.77;4.71;4.73;157900
20050412;4.74;4.75;4.64;4.66;157600
20050413;4.67;4.7;4.64;4.69;0
20050414;4.68;4.73;4.67;4.72;0
20050415;4.66;4.67;4.62;4.63;158000
20050418;4.6;4.61;4.57;4.59;0
20050419;4.61;4.61;4.52;4.54;0
20050420;4.57;4.62;4.56;4.57;0
20050421;4.59;4.64;4.57;4.64;0
20050422;4.61;4.62;4.57;4.58;0
20050425;4.56;4.57;4.55;4.56;0
20050426;4.54;4.6;4.53;4.57;0
20050427;4.59;4.59;4.53;4.55;0
20050428;4.54;4.56;4.5;4.51;0
20050429;4.52;4.53;4.47;4.52;0
20050502;4.5;4.55;4.5;4.52;0
20050503;4.51;4.53;4.5;4.5;0
20050504;4.49;4.67;4.49;4.59;0
20050505;4.62;4.64;4.57;4.59;0
20050506;4.58;4.66;4.58;4.63;0
20050509;4.63;4.64;4.61;4.61;0
20050510;4.62;4.62;4.58;4.58;0
20050511;4.55;4.57;4.5;4.55;0
20050512;4.55;4.58;4.52;4.53;0
20050513;4.51;4.52;4.47;4.48;158000
20050516;4.5;4.5;4.47;4.49;158100
20050517;4.5;4.52;4.46;4.47;157900
20050518;4.47;4.48;4.41;4.43;0
20050519;4.43;4.45;4.41;4.44;0
20050520;4.45;4.45;4.43;4.44;0
20050523;4.46;4.47;4.38;4.39;0
20050524;4.36;4.38;4.34;4.37;0
20050525;4.36;4.43;4.33;4.41;0
20050526;4.42;4.44;4.4;4.43;0
20050527;4.43;4.44;4.43;4.43;0
20050531;4.41;4.41;4.34;4.35;0
20050601;4.31;4.31;4.24;4.26;0
20050602;4.25;4.26;4.22;4.23;0
20050603;4.23;4.29;4.15;4.28;0
20050606;4.28;4.28;4.25;4.25;0
20050607;4.2;4.3;4.17;4.2;0
20050608;4.2;4.23;4.2;4.22;0
20050609;4.24;4.28;4.23;4.25;0
20050610;4.26;4.3;4.26;4.3;0
20050613;4.34;4.38;4.34;4.37;0
20050614;4.36;4.43;4.34;4.43;0
20050615;4.42;4.45;4.41;4.42;0
20050616;4.43;4.49;4.36;4.37;0
20050617;4.38;4.4;4.35;4.36;0
20050620;4.36;4.42;4.35;4.38;0
20050621;4.39;4.45;4.33;4.33;0
20050622;4.28;4.3;4.24;4.25;0
20050623;4.26;4.28;4.25;4.26;0
20050624;4.25;4.25;4.22;4.22;0
20050627;4.21;4.22;4.18;4.19;0
20050628;4.22;4.25;4.22;4.24;0
20050629;4.25;4.28;4.2;4.26;0
20050630;4.28;4.28;4.21;4.22;0
20050701;4.21;4.3;4.2;4.3;0
20050705;4.33;4.37;4.32;4.36;157900
20050706;4.34;4.35;4.33;4.33;157900
20050707;4.27;4.32;4.26;4.3;0
20050708;4.33;4.36;4.29;4.36;0
20050711;4.35;4.39;4.34;4.34;0
20050712;4.34;4.39;4.33;4.38;0
20050713;4.4;4.41;4.38;4.4;0
20050714;4.4;4.43;4.37;4.42;0
20050715;4.41;4.44;4.4;4.41;0
20050718;4.4;4.47;4.4;4.47;0
20050719;4.47;4.49;4.42;4.43;0
20050720;4.43;4.46;4.38;4.39;0
20050721;4.43;4.51;4.43;4.5;158000
20050722;4.5;4.5;4.43;4.44;0
20050725;4.45;4.47;4.43;4.47;0
20050726;4.45;4.47;4.45;4.46;0
20050727;4.44;4.49;4.44;4.47;0
20050728;4.46;4.47;4.39;4.4;0
20050729;4.4;4.49;4.36;4.47;0
20050801;4.49;4.55;4.49;4.51;0
20050802;4.53;4.55;4.5;4.54;0
20050803;4.54;4.55;4.5;4.51;0
20050804;4.51;4.54;4.49;4.52;0
20050805;4.52;4.61;4.52;4.58;0
20050808;4.59;4.6;4.57;4.6;0
20050809;4.59;4.62;4.57;4.57;0
20050810;4.56;4.59;4.55;4.58;0
20050811;4.59;4.59;4.52;4.53;0
20050812;4.5;4.51;4.44;4.44;0
20050815;4.45;4.47;4.45;4.47;0
20050816;4.48;4.48;4.41;4.43;0
20050817;4.42;4.48;4.42;4.47;0
20050818;4.44;4.46;4.43;4.43;0
20050819;4.43;4.45;4.42;4.42;0
20050822;4.43;4.47;4.42;4.43;0
20050823;4.44;4.44;4.39;4.41;0
20050824;4.39;4.42;4.37;4.4;0
20050825;4.4;4.4;4.36;4.36;0
20050826;4.37;4.4;4.34;4.38;0
20050829;4.36;4.37;4.34;4.36;0
20050830;4.37;4.37;4.3;4.31;0
20050831;4.31;4.31;4.25;4.26;0
20050901;4.28;4.32;4.25;4.29;0
20050902;4.31;4.34;4.29;4.29;0
20050906;4.31;4.35;4.3;4.35;0
20050907;4.37;4.45;4.36;4.42;0
20050908;4.39;4.43;4.39;4.42;0
20050909;4.4;4.41;4.37;4.4;0
20050912;4.42;4.47;4.41;4.44;0
20050913;4.45;4.45;4.4;4.42;0
20050914;4.4;4.46;4.4;4.45;0
20050915;4.45;4.54;4.43;4.51;0
20050916;4.54;4.59;4.54;4.55;0
20050919;4.55;4.57;4.53;4.54;0
20050920;4.55;4.59;4.5;4.52;0
20050921;4.48;4.48;4.45;4.47;0
20050922;4.45;4.48;4.45;4.46;0
20050923;4.48;4.52;4.48;4.51;0
20050926;4.54;4.57;4.53;4.56;0
20050927;4.58;4.58;4.53;4.56;0
20050928;4.55;4.57;4.49;4.5;0
20050929;4.49;4.55;4.49;4.54;0
20050930;4.53;4.58;4.53;4.57;0
20051003;4.56;4.63;4.55;4.62;0
20051004;4.62;4.62;4.59;4.6;0
20051005;4.58;4.59;4.56;4.58;0
20051006;4.57;4.6;4.56;4.59;0
20051007;4.62;4.65;4.57;4.57;0
20051011;4.56;4.6;4.56;4.59;0
20051012;4.61;4.67;4.61;4.66;0
20051013;4.71;4.72;4.68;4.7;0
20051014;4.7;4.75;4.65;4.71;0
20051017;4.7;4.72;4.68;4.71;0
20051018;4.72;4.73;4.68;4.7;0
20051019;4.67;4.69;4.65;4.69;0
20051020;4.72;4.73;4.67;4.68;0
20051021;4.67;4.67;4.6;4.61;0
20051024;4.61;4.68;4.61;4.66;0
20051025;4.66;4.72;4.64;4.71;0
20051026;4.77;4.8;4.76;4.8;0
20051027;4.76;4.79;4.75;4.77;0
20051028;4.77;4.81;4.75;4.77;0
20051031;4.78;4.79;4.73;4.76;0
20051101;4.74;4.78;4.74;4.77;0
20051102;4.81;4.81;4.76;4.8;0
20051103;4.79;4.84;4.78;4.84;0
20051104;4.86;4.88;4.79;4.85;0
20051107;4.82;4.84;4.82;4.83;0
20051108;4.78;4.79;4.75;4.76;0
20051109;4.76;4.84;4.76;4.83;0
20051110;4.82;4.82;4.74;4.75;0
20051114;4.76;4.82;4.75;4.8;0
20051115;4.78;4.8;4.73;4.74;0
20051116;4.74;4.75;4.66;4.67;0
20051117;4.67;4.7;4.62;4.65;0
20051118;4.66;4.7;4.66;4.69;0
20051121;4.67;4.67;4.64;4.66;0
20051122;4.67;4.68;4.64;4.66;0
20051123;4.66;4.71;4.65;4.71;0
20051125;4.66;4.67;4.66;4.66;0
20051128;4.66;4.68;4.6;4.63;0
20051129;4.61;4.7;4.61;4.69;0
20051130;4.68;4.72;4.66;4.7;0
20051201;4.68;4.75;4.67;4.73;0
20051202;4.73;4.75;4.7;4.72;0
20051205;4.75;4.78;4.74;4.76;0
20051206;4.75;4.76;4.67;4.69;0
20051207;4.71;4.73;4.7;4.72;0
20051208;4.7;4.71;4.67;4.67;0
20051209;4.68;4.74;4.68;4.74;0
20051212;4.72;4.77;4.71;4.74;0
20051213;4.73;4.75;4.71;4.74;0
20051214;4.7;4.7;4.64;4.66;0
20051215;4.64;4.71;4.64;4.68;0
20051216;4.65;4.66;4.63;4.65;0
20051219;4.66;4.67;4.62;4.64;0
20051220;4.67;4.67;4.64;4.66;0
20051221;4.66;4.69;4.66;4.67;0
20051222;4.67;4.69;4.61;4.61;0
20051223;4.62;4.62;4.55;4.55;0
20051227;4.56;4.56;4.5;4.51;0
20051228;4.52;4.54;4.5;4.54;0
20051229;4.53;4.55;4.52;4.53;0
20051230;4.51;4.55;4.48;4.55;0
20060103;4.59;4.59;4.51;4.55;0
20060104;4.55;4.59;4.53;4.54;0
20060105;4.55;4.57;4.53;4.55;0
20060106;4.56;4.6;4.54;4.57;0
20060109;4.55;4.58;4.55;4.57;0
20060110;4.57;4.61;4.56;4.61;0
20060111;4.62;4.64;4.6;4.64;0
20060112;4.62;4.63;4.59;4.59;0
20060113;4.61;4.61;4.52;4.53;0
20060117;4.53;4.56;4.51;4.51;0
20060118;4.48;4.54;4.47;4.52;0
20060119;4.53;4.56;4.51;4.55;0
20060120;4.53;4.55;4.52;4.53;0
20060123;4.55;4.58;4.52;4.53;0
20060124;4.55;4.58;4.55;4.57;0
20060125;4.59;4.66;4.59;4.66;0
20060126;4.67;4.72;4.66;4.7;0
20060127;4.68;4.7;4.66;4.68;0
20060130;4.72;4.73;4.7;4.71;0
20060131;4.71;4.72;4.68;4.68;0
20060201;4.7;4.72;4.68;4.71;0
20060202;4.71;4.72;4.68;4.7;0
20060203;4.68;4.74;4.62;4.64;0
20060206;4.64;4.66;4.6;4.62;0
20060207;4.61;4.66;4.6;4.66;0
20060208;4.66;4.68;4.64;4.68;0
20060209;4.7;4.72;4.63;4.64;0
20060210;4.48;4.56;4.46;4.55;0
20060213;4.57;4.58;4.55;4.56;0
20060214;4.57;4.6;4.57;4.59;0
20060215;4.58;4.6;4.55;4.57;0
20060216;4.57;4.59;4.57;4.58;0
20060217;4.55;4.56;4.5;4.51;0
20060221;4.5;4.53;4.5;4.53;0
20060222;4.54;4.56;4.48;4.48;0
20060223;4.49;4.53;4.49;4.51;0
20060224;4.49;4.53;4.48;4.51;0
20060227;4.51;4.56;4.5;4.55;0
20060228;4.54;4.55;4.5;4.5;0
20060301;4.53;4.57;4.52;4.56;0
20060302;4.58;4.66;4.57;4.62;0
20060303;4.62;4.67;4.61;4.66;0
20060306;4.68;4.73;4.67;4.72;0
20060307;4.77;4.77;4.71;4.72;0
20060308;4.72;4.74;4.71;4.72;0
20060309;4.73;4.75;4.72;4.72;0
20060310;4.72;4.78;4.69;4.74;0
20060313;4.77;4.78;4.75;4.77;0
20060314;4.74;4.75;4.69;4.7;0
20060315;4.73;4.77;4.73;4.75;0
20060316;4.77;4.77;4.67;4.69;0
20060317;4.69;4.72;4.69;4.72;0
20060320;4.71;4.72;4.68;4.7;0
20060321;4.68;4.76;4.67;4.74;0
20060322;4.74;4.74;4.7;4.73;0
20060323;4.71;4.76;4.71;4.76;0
20060324;4.76;4.76;4.68;4.7;0
20060327;4.7;4.74;4.7;4.73;0
20060328;4.74;4.81;4.74;4.79;0
20060329;4.8;4.85;4.79;4.84;0
20060330;4.85;4.92;4.85;4.89;0
20060331;4.9;4.92;4.88;4.89;0
20060403;4.93;4.93;4.89;4.9;0
20060404;4.88;4.92;4.87;4.91;0
20060405;4.9;4.91;4.88;4.89;0
20060406;4.94;4.98;4.93;4.96;0
20060407;4.98;5.06;4.95;5.04;0
20060410;5.04;5.05;5.03;5.04;0
20060411;5.01;5.02;4.99;5;0
20060412;4.98;5.05;4.97;5.05;0
20060413;5.09;5.12;5.08;5.11;0
20060417;5.1;5.12;5.06;5.08;0
20060418;5.08;5.09;5.04;5.06;0
20060419;5.05;5.16;5.05;5.13;0
20060420;5.13;5.15;5.12;5.14;0
20060421;5.12;5.14;5.1;5.1;0
20060424;5.09;5.09;5.04;5.06;0
20060425;5.07;5.16;5.07;5.15;0
20060426;5.17;5.21;5.16;5.18;0
20060427;5.22;5.22;5.15;5.18;0
20060428;5.2;5.22;5.17;5.17;0
20060501;5.16;5.24;5.15;5.23;0
20060502;5.2;5.22;5.19;5.2;0
20060503;5.22;5.26;5.21;5.24;0
20060504;5.24;5.26;5.21;5.24;0
20060505;5.23;5.26;5.16;5.2;0
20060508;5.2;5.2;5.17;5.19;0
20060509;5.2;5.22;5.19;5.2;0
20060510;5.19;5.22;5.16;5.19;0
20060511;5.21;5.25;5.18;5.23;0
20060512;5.27;5.31;5.26;5.3;0
20060515;5.28;5.3;5.24;5.26;0
20060516;5.28;5.28;5.21;5.22;0
20060517;5.23;5.3;5.23;5.27;0
20060518;5.27;5.28;5.17;5.18;0
20060519;5.18;5.18;5.1;5.14;0
20060522;5.1;5.13;5.07;5.13;0
20060523;5.16;5.18;5.14;5.15;0
20060524;5.09;5.14;5.08;5.13;0
20060525;5.15;5.18;5.12;5.17;0
20060526;5.18;5.2;5.14;5.16;0
20060530;5.16;5.2;5.16;5.19;0
20060531;5.18;5.24;5.16;5.21;0
20060601;5.24;5.25;5.18;5.2;0
20060602;5.2;5.2;5.09;5.09;0
20060605;5.1;5.12;5.09;5.12;0
20060606;5.11;5.13;5.07;5.08;0
20060607;5.09;5.12;5.09;5.1;0
20060608;5.07;5.08;5.02;5.06;0
20060609;5.06;5.11;5.02;5.03;0
20060612;5.04;5.05;5.02;5.03;0
20060613;5.01;5.04;5;5.01;0
20060614;5.02;5.1;5.02;5.09;0
20060615;5.1;5.15;5.1;5.14;0
20060616;5.12;5.18;5.11;5.17;0
20060619;5.18;5.19;5.17;5.18;0
20060620;5.16;5.21;5.16;5.2;0
20060621;5.18;5.2;5.17;5.19;0
20060622;5.21;5.24;5.2;5.23;0
20060623;5.22;5.27;5.21;5.26;0
20060626;5.26;5.28;5.25;5.27;0
20060627;5.26;5.27;5.23;5.24;0
20060628;5.24;5.28;5.23;5.28;0
20060629;5.27;5.28;5.22;5.25;0
20060630;5.28;5.28;5.18;5.19;0
20060703;5.2;5.22;5.2;5.2;0
20060705;5.24;5.29;5.23;5.27;0
20060706;5.27;5.27;5.22;5.23;0
20060707;5.22;5.22;5.15;5.17;0
20060710;5.19;5.2;5.17;5.17;0
20060711;5.16;5.16;5.12;5.14;0
20060712;5.18;5.19;5.13;5.14;0
20060713;5.12;5.14;5.11;5.11;0
20060714;5.1;5.14;5.09;5.11;0
20060717;5.11;5.13;5.1;5.1;0
20060718;5.12;5.17;5.12;5.16;0
20060719;5.17;5.22;5.09;5.1;0
20060720;5.11;5.13;5.06;5.08;0
20060721;5.08;5.11;5.07;5.1;0
20060724;5.11;5.11;5.08;5.1;0
20060725;5.1;5.13;5.09;5.12;0
20060726;5.14;5.15;5.09;5.1;0
20060727;5.1;5.12;5.08;5.11;0
20060728;5.11;5.12;5.05;5.07;0
20060731;5.08;5.09;5.07;5.07;0
20060801;5.08;5.1;5.07;5.07;0
20060802;5.05;5.1;5.05;5.05;0
20060803;5.05;5.07;5.03;5.03;0
20060804;5.04;5.08;4.97;4.99;0
20060807;5;5.01;5;5;0
20060808;5.01;5.03;4.97;5.02;0
20060809;5.05;5.07;5.04;5.05;0
20060810;5.05;5.09;5.05;5.07;0
20060811;5.07;5.1;5.07;5.09;0
20060814;5.11;5.12;5.1;5.12;0
20060815;5.11;5.11;5.04;5.05;0
20060816;5.04;5.09;4.99;5;0
20060817;4.98;5.01;4.97;5;0
20060818;4.99;5;4.97;4.97;0
20060821;4.97;4.98;4.96;4.96;0
20060822;4.96;4.96;4.94;4.95;0
20060823;4.94;4.98;4.94;4.95;0
20060824;4.94;4.95;4.93;4.94;0
20060825;4.93;4.95;4.92;4.93;0
20060828;4.94;4.95;4.93;4.93;0
20060829;4.95;4.98;4.92;4.93;0
20060830;4.93;4.93;4.9;4.91;0
20060831;4.9;4.92;4.88;4.88;0
20060901;4.87;4.91;4.87;4.87;0
20060905;4.9;4.93;4.89;4.93;0
20060906;4.96;4.97;4.95;4.95;0
20060907;4.97;4.98;4.93;4.94;0
20060908;4.93;4.94;4.9;4.92;0
20060911;4.92;4.96;4.92;4.94;0
20060912;4.96;4.96;4.9;4.91;0
20060913;4.89;4.9;4.87;4.9;0
20060914;4.88;4.92;4.88;4.92;0
20060915;4.92;4.92;4.88;4.92;0
20060918;4.92;4.96;4.92;4.93;0
20060919;4.93;4.95;4.86;4.86;0
20060920;4.87;4.87;4.84;4.85;0
20060921;4.85;4.85;4.77;4.78;0
20060922;4.75;4.78;4.74;4.74;0
20060925;4.73;4.73;4.68;4.7;0
20060926;4.71;4.72;4.7;4.71;0
20060927;4.71;4.74;4.68;4.73;0
20060928;4.75;4.78;4.74;4.77;0
20060929;4.75;4.8;4.74;4.77;0
20061002;4.78;4.78;4.74;4.76;0
20061003;4.76;4.77;4.74;4.75;0
20061004;4.75;4.75;4.71;4.72;0
20061005;4.73;4.78;4.73;4.76;0
20061006;4.75;4.85;4.74;4.84;0
20061009;4.84;4.84;4.84;4.84;0
20061010;4.86;4.89;4.86;4.88;0
20061011;4.87;4.92;4.86;4.91;0
20061012;4.9;4.91;4.89;4.91;0
20061013;4.89;4.95;4.88;4.94;0
20061016;4.92;4.94;4.91;4.92;0
20061017;4.9;4.96;4.87;4.91;0
20061018;4.9;4.93;4.88;4.89;0
20061019;4.9;4.93;4.89;4.91;0
20061020;4.9;4.91;4.89;4.9;0
20061023;4.94;4.98;4.93;4.95;0
20061024;4.95;4.96;4.94;4.94;0
20061025;4.95;4.95;4.9;4.9;0
20061026;4.88;4.89;4.84;4.84;0
20061027;4.83;4.83;4.79;4.8;0
20061030;4.78;4.8;4.78;4.79;0
20061031;4.77;4.78;4.72;4.72;0
20061101;4.72;4.74;4.67;4.68;0
20061102;4.7;4.73;4.69;4.71;0
20061103;4.72;4.82;4.71;4.81;0
20061106;4.82;4.83;4.8;4.8;0
20061107;4.78;4.78;4.73;4.76;0
20061108;4.74;4.76;4.73;4.73;0
20061109;4.72;4.75;4.72;4.73;0
20061110;4.73;4.73;4.68;4.69;0
20061113;4.69;4.73;4.69;4.7;0
20061114;4.7;4.7;4.64;4.66;0
20061115;4.66;4.7;4.66;4.7;0
20061116;4.69;4.75;4.66;4.73;0
20061117;4.73;4.74;4.67;4.69;0
20061120;4.67;4.7;4.67;4.68;0
20061121;4.68;4.69;4.65;4.66;0
20061122;4.66;4.67;4.64;4.65;0
20061124;4.63;4.63;4.61;4.63;0
20061127;4.65;4.68;4.62;4.62;0
20061128;4.61;4.62;4.57;4.6;0
20061129;4.6;4.62;4.58;4.61;0
20061130;4.6;4.61;4.56;4.56;0
20061201;4.58;4.59;4.53;4.54;0
20061204;4.56;4.57;4.54;4.55;0
20061205;4.54;4.59;4.53;4.57;0
20061206;4.59;4.6;4.58;4.6;0
20061207;4.58;4.62;4.58;4.6;0
20061208;4.61;4.66;4.6;4.66;0
20061211;4.66;4.66;4.61;4.63;0
20061212;4.62;4.66;4.61;4.61;0
20061213;4.59;4.7;4.59;4.69;0
20061214;4.7;4.72;4.69;4.72;0
20061215;4.73;4.73;4.63;4.72;0
20061218;4.72;4.73;4.7;4.71;0
20061219;4.7;4.76;4.7;4.73;0
20061220;4.72;4.73;4.72;4.72;0
20061221;4.73;4.74;4.68;4.69;0
20061222;4.72;4.77;4.69;4.76;0
20061226;4.76;4.76;4.73;4.73;0
20061227;4.73;4.79;4.72;4.78;0
20061228;4.77;4.84;4.76;4.81;0
20061229;4.82;4.84;4.81;4.82;0
20070103;4.77;4.84;4.74;4.77;0
20070104;4.76;4.81;4.71;4.72;0
20070105;4.69;4.81;4.69;4.74;0
20070108;4.76;4.76;4.74;4.74;0
20070109;4.74;4.75;4.73;4.74;0
20070110;4.75;4.78;4.74;4.77;0
20070111;4.81;4.84;4.79;4.82;0
20070112;4.83;4.89;4.83;4.86;0
20070116;4.85;4.86;4.83;4.84;0
20070117;4.83;4.88;4.83;4.88;0
20070118;4.88;4.9;4.84;4.85;0
20070119;4.84;4.88;4.84;4.86;0
20070122;4.86;4.86;4.84;4.85;0
20070123;4.85;4.9;4.85;4.9;0
20070124;4.89;4.92;4.88;4.91;0
20070125;4.91;4.97;4.91;4.96;0
20070126;5;5.02;4.95;4.98;0
20070129;4.97;5;4.96;4.98;0
20070130;4.99;4.99;4.97;4.98;0
20070131;4.97;5.01;4.93;4.93;0
20070201;4.91;4.94;4.87;4.93;0
20070202;4.94;4.94;4.89;4.93;0
20070205;4.91;4.92;4.9;4.91;0
20070206;4.91;4.93;4.87;4.87;0
20070207;4.88;4.88;4.84;4.85;0
20070208;4.86;4.87;4.83;4.84;0
20070209;4.83;4.87;4.83;4.86;0
20070212;4.89;4.89;4.86;4.89;0
20070213;4.89;4.91;4.87;4.9;0
20070214;4.9;4.9;4.82;4.83;0
20070215;4.82;4.83;4.79;4.8;0
20070216;4.78;4.8;4.76;4.79;0
20070220;4.8;4.8;4.78;4.78;0
20070221;4.77;4.81;4.77;4.79;0
20070222;4.8;4.84;4.8;4.83;0
20070223;4.81;4.82;4.76;4.78;0
20070226;4.76;4.76;4.73;4.73;0
20070227;4.71;4.72;4.62;4.63;0
20070228;4.66;4.7;4.64;4.67;0
20070301;4.65;4.69;4.62;4.68;0
20070302;4.66;4.69;4.64;4.65;0
20070305;4.63;4.66;4.62;4.65;0
20070306;4.66;4.66;4.64;4.66;0
20070307;4.65;4.67;4.63;4.64;0
20070308;4.65;4.67;4.64;4.65;0
20070309;4.66;4.73;4.65;4.72;0
20070312;4.73;4.74;4.68;4.69;0
20070313;4.67;4.68;4.63;4.66;0
20070314;4.64;4.7;4.64;4.69;0
20070315;4.7;4.72;4.68;4.69;0
20070316;4.7;4.72;4.69;4.7;0
20070319;4.71;4.72;4.71;4.72;0
20070320;4.72;4.72;4.69;4.71;0
20070321;4.72;4.78;4.69;4.7;0
20070322;4.74;4.8;4.73;4.78;0
20070323;4.77;4.8;4.76;4.8;0
20070326;4.81;4.82;4.76;4.78;0
20070327;4.8;4.82;4.8;4.81;0
20070328;4.8;4.84;4.78;4.83;0
20070329;4.83;4.84;4.81;4.83;0
20070330;4.83;4.86;4.79;4.85;0
20070402;4.84;4.85;4.83;4.84;0
20070403;4.85;4.85;4.83;4.85;0
20070404;4.84;4.85;4.82;4.84;0
20070405;4.85;4.87;4.84;4.87;0
20070409;4.91;4.93;4.91;4.92;0
20070410;4.91;4.91;4.89;4.91;0
20070411;4.9;4.92;4.89;4.91;0
20070412;4.9;4.92;4.89;4.91;0
20070413;4.91;4.94;4.9;4.93;0
20070416;4.93;4.94;4.88;4.89;0
20070417;4.9;4.91;4.84;4.85;0
20070418;4.83;4.83;4.81;4.82;0
20070419;4.81;4.85;4.8;4.84;0
20070420;4.83;4.86;4.82;4.84;0
20070423;4.84;4.86;4.82;4.83;0
20070424;4.82;4.84;4.8;4.8;0
20070425;4.82;4.84;4.8;4.83;0
20070426;4.84;4.88;4.83;4.87;0
20070427;4.87;4.91;4.85;4.89;0
20070430;4.87;4.87;4.82;4.82;0
20070501;4.8;4.84;4.79;4.82;0
20070502;4.82;4.83;4.81;4.82;0
20070503;4.82;4.86;4.8;4.84;0
20070504;4.84;4.86;4.8;4.8;0
20070507;4.81;4.81;4.79;4.79;0
20070508;4.76;4.8;4.76;4.8;0
20070509;4.8;4.84;4.8;4.84;0
20070510;4.83;4.85;4.82;4.83;0
20070511;4.81;4.86;4.79;4.85;0
20070514;4.85;4.86;4.84;4.86;0
20070515;4.86;4.9;4.84;4.88;0
20070516;4.87;4.89;4.86;4.87;0
20070517;4.89;4.92;4.88;4.91;0
20070518;4.91;4.97;4.9;4.96;0
20070521;4.97;4.97;4.94;4.94;0
20070522;4.94;4.99;4.94;4.98;0
20070523;4.99;5.03;4.97;5.01;0
20070524;5;5.05;4.99;5.01;0
20070525;5;5.02;5;5.01;0
20070529;5;5.02;4.99;5.01;0
20070530;5;5.02;4.98;5.01;0
20070531;5;5.05;5;5.01;0
20070601;5.02;5.06;5;5.06;0
20070604;5.05;5.06;5.02;5.02;0
20070605;5.04;5.07;5.03;5.07;0
20070606;5.08;5.1;5.07;5.08;0
20070607;5.14;5.23;5.14;5.2;0
20070608;5.27;5.28;5.21;5.22;0
20070611;5.23;5.27;5.22;5.24;0
20070612;5.29;5.36;5.28;5.36;0
20070613;5.38;5.41;5.27;5.28;0
20070614;5.3;5.34;5.24;5.29;0
20070615;5.3;5.32;5.24;5.26;0
20070618;5.24;5.29;5.24;5.25;0
20070619;5.26;5.26;5.2;5.2;0
20070620;5.2;5.25;5.2;5.23;0
20070621;5.26;5.29;5.24;5.28;0
20070622;5.31;5.33;5.25;5.26;0
20070625;5.24;5.24;5.19;5.2;0
20070626;5.2;5.23;5.19;5.22;0
20070627;5.18;5.2;5.15;5.19;0
20070628;5.2;5.22;5.18;5.22;0
20070629;5.18;5.2;5.12;5.13;0
20070702;5.13;5.14;5.1;5.1;0
20070703;5.1;5.15;5.09;5.15;0
20070705;5.19;5.24;5.18;5.24;0
20070706;5.24;5.29;5.24;5.28;0
20070709;5.26;5.26;5.22;5.25;0
20070710;5.2;5.21;5.13;5.13;0
20070711;5.11;5.2;5.11;5.18;0
20070712;5.18;5.24;5.17;5.21;0
20070713;5.21;5.23;5.17;5.19;0
20070716;5.18;5.18;5.12;5.13;0
20070717;5.14;5.18;5.12;5.16;0
20070718;5.13;5.15;5.09;5.1;0
20070719;5.14;5.16;5.11;5.12;0
20070720;5.09;5.11;5.04;5.06;0
20070723;5.06;5.08;5.05;5.07;0
20070724;5.07;5.08;5.04;5.06;0
20070725;5.05;5.07;5.02;5.03;0
20070726;4.99;5;4.93;4.95;0
20070727;4.93;4.99;4.91;4.95;0
20070730;4.93;4.97;4.93;4.96;0
20070731;4.98;4.98;4.92;4.92;0
20070801;4.9;4.93;4.89;4.91;0
20070802;4.94;4.94;4.9;4.9;0
20070803;4.91;4.92;4.86;4.87;0
20070806;4.87;4.91;4.87;4.91;0
20070807;4.91;4.93;4.87;4.9;0
20070808;4.97;5.04;4.95;5.02;0
20070809;5;5.05;4.95;5.03;0
20070810;4.98;5.01;4.96;5.01;0
20070813;5.03;5.05;5;5.01;0
20070814;5.01;5.04;4.97;4.99;0
20070815;4.99;5.04;4.97;5.01;0
20070816;4.98;4.99;4.91;4.93;0
20070817;4.98;5.05;4.97;5;0
20070820;5;5;4.95;4.97;0
20070821;4.97;4.97;4.94;4.94;0
20070822;4.96;4.99;4.95;4.95;0
20070823;4.97;4.98;4.92;4.92;0
20070824;4.93;4.93;4.89;4.9;0
20070827;4.89;4.89;4.86;4.86;0
20070828;4.85;4.87;4.83;4.86;0
20070829;4.84;4.89;4.83;4.88;0
20070830;4.87;4.87;4.82;4.82;0
20070831;4.84;4.86;4.81;4.83;0
20070904;4.82;4.86;4.81;4.84;0
20070905;4.83;4.83;4.77;4.78;0
20070906;4.77;4.8;4.76;4.79;0
20070907;4.77;4.89;4.68;4.69;0
20070910;4.69;4.69;4.62;4.64;0
20070911;4.64;4.66;4.62;4.65;0
20070912;4.63;4.69;4.63;4.69;0
20070913;4.69;4.76;4.67;4.74;0
20070914;4.71;4.76;4.67;4.72;0
20070917;4.73;4.75;4.71;4.71;0
20070918;4.71;4.81;4.7;4.76;0
20070919;4.8;4.86;4.79;4.82;0
20070920;4.87;4.95;4.86;4.94;0
20070921;4.95;4.96;4.88;4.89;0
20070924;4.92;4.92;4.86;4.88;0
20070925;4.85;4.89;4.84;4.89;0
20070926;4.9;4.94;4.88;4.89;0
20070927;4.87;4.9;4.83;4.84;0
20070928;4.81;4.88;4.78;4.83;0
20071001;4.83;4.84;4.79;4.8;0
20071002;4.8;4.81;4.75;4.78;0
20071003;4.78;4.81;4.75;4.79;0
20071004;4.8;4.82;4.76;4.77;0
20071005;4.77;4.9;4.77;4.87;0
20071008;4.86;4.86;4.86;4.86;0
20071009;4.85;4.89;4.84;4.86;0
20071010;4.87;4.89;4.84;4.86;0
20071011;4.89;4.93;4.88;4.88;0
20071012;4.88;4.92;4.86;4.91;0
20071015;4.91;4.93;4.9;4.91;0
20071016;4.9;4.92;4.88;4.91;0
20071017;4.91;4.91;4.8;4.81;0
20071018;4.78;4.8;4.77;4.78;0
20071019;4.75;4.76;4.68;4.69;0
20071022;4.66;4.72;4.66;4.67;0
20071023;4.69;4.72;4.69;4.69;0
20071024;4.67;4.69;4.63;4.64;0
20071025;4.64;4.67;4.63;4.66;0
20071026;4.69;4.7;4.65;4.68;0
20071029;4.7;4.7;4.65;4.66;0
20071030;4.67;4.71;4.65;4.67;0
20071031;4.7;4.76;4.68;4.75;0
20071101;4.73;4.73;4.63;4.65;0
20071102;4.64;4.68;4.58;4.59;0
20071105;4.61;4.63;4.59;4.62;0
20071106;4.64;4.66;4.61;4.65;0
20071107;4.63;4.69;4.63;4.67;0
20071108;4.67;4.7;4.64;4.66;0
20071109;4.64;4.66;4.6;4.6;0
20071112;4.59;4.59;4.59;4.59;0
20071113;4.61;4.62;4.6;4.61;0
20071114;4.61;4.65;4.6;4.6;0
20071115;4.59;4.61;4.53;4.53;0
20071116;4.54;4.56;4.51;4.52;0
20071119;4.51;4.54;4.46;4.48;0
20071120;4.47;4.51;4.46;4.48;0
20071121;4.45;4.48;4.45;4.47;0
20071123;4.48;4.49;4.43;4.44;0
20071126;4.43;4.43;4.28;4.28;0
20071127;4.3;4.41;4.29;4.36;0
20071128;4.39;4.41;4.36;4.41;0
20071129;4.41;4.41;4.31;4.35;0
20071130;4.37;4.44;4.35;4.4;0
20071203;4.38;4.38;4.32;4.35;0
20071204;4.32;4.38;4.31;4.35;0
20071205;4.38;4.41;4.35;4.39;0
20071206;4.45;4.5;4.44;4.48;0
20071207;4.49;4.6;4.49;4.59;0
20071210;4.59;4.65;4.57;4.61;0
20071211;4.59;4.59;4.48;4.48;0
20071212;4.53;4.61;4.52;4.53;0
20071213;4.53;4.63;4.53;4.61;0
20071214;4.64;4.68;4.63;4.66;0
20071217;4.63;4.65;4.61;4.62;0
20071218;4.59;4.61;4.53;4.54;0
20071219;4.51;4.55;4.43;4.49;0
20071220;4.46;4.47;4.41;4.45;0
20071221;4.49;4.58;4.48;4.57;0
20071224;4.59;4.63;4.58;4.62;0
20071226;4.62;4.69;4.59;4.69;0
20071227;4.64;4.67;4.59;4.61;0
20071228;4.58;4.59;4.48;4.51;0
20071231;4.47;4.48;4.43;4.46;0
20080102;4.45;4.47;4.34;4.35;0
20080103;4.35;4.41;4.35;4.37;0
20080104;4.38;4.38;4.32;4.36;0
20080107;4.39;4.4;4.33;4.34;0
20080108;4.37;4.39;4.35;4.36;0
20080109;4.33;4.34;4.29;4.32;0
20080110;4.34;4.45;4.32;4.44;0
20080111;4.45;4.46;4.39;4.39;0
20080114;4.39;4.41;4.36;4.37;0
20080115;4.33;4.33;4.29;4.29;0
20080116;4.26;4.32;4.26;4.32;0
20080117;4.32;4.35;4.25;4.25;0
20080118;4.3;4.32;4.27;4.3;0
20080122;4.23;4.31;4.22;4.23;0
20080123;4.1;4.18;4.1;4.18;0
20080124;4.29;4.38;4.25;4.35;0
20080125;4.39;4.39;4.27;4.28;0
20080128;4.26;4.31;4.26;4.28;0
20080129;4.3;4.37;4.3;4.34;0
20080130;4.37;4.45;4.36;4.43;0
20080131;4.35;4.38;4.31;4.35;0
20080201;4.35;4.36;4.29;4.32;0
20080204;4.35;4.39;4.35;4.37;0
20080205;4.37;4.37;4.28;4.34;0
20080206;4.34;4.38;4.34;4.37;0
20080207;4.35;4.56;4.34;4.5;0
20080208;4.47;4.48;4.43;4.44;0
20080211;4.44;4.44;4.36;4.41;0
20080212;4.47;4.5;4.45;4.46;0
20080213;4.48;4.52;4.46;4.51;0
20080214;4.55;4.67;4.55;4.65;0
20080215;4.6;4.63;4.58;4.59;0
20080219;4.65;4.69;4.6;4.66;0
20080220;4.67;4.72;4.63;4.64;0
20080221;4.58;4.59;4.51;4.55;0
20080222;4.52;4.58;4.51;4.58;0
20080225;4.59;4.69;4.57;4.66;0
20080226;4.66;4.69;4.64;4.66;0
20080227;4.62;4.7;4.6;4.65;0
20080228;4.61;4.62;4.54;4.55;0
20080229;4.46;4.49;4.41;4.42;0
20080303;4.45;4.47;4.42;4.43;0
20080304;4.44;4.48;4.41;4.48;0
20080305;4.51;4.61;4.49;4.61;0
20080306;4.57;4.61;4.55;4.58;0
20080307;4.5;4.6;4.44;4.54;0
20080310;4.51;4.54;4.42;4.45;0
20080311;4.48;4.57;4.47;4.53;0
20080312;4.49;4.5;4.41;4.41;0
20080313;4.36;4.49;4.34;4.45;0
20080314;4.41;4.43;4.3;4.35;0
20080317;4.32;4.36;4.26;4.28;0
20080318;4.32;4.36;4.28;4.33;0
20080319;4.3;4.38;4.22;4.22;0
20080320;4.22;4.22;4.16;4.16;0
20080324;4.2;4.31;4.2;4.31;0
20080325;4.33;4.34;4.3;4.3;0
20080326;4.31;4.35;4.27;4.33;0
20080327;4.37;4.42;4.33;4.38;0
20080328;4.4;4.41;4.33;4.34;0
20080331;4.32;4.32;4.26;4.31;0
20080401;4.35;4.42;4.35;4.38;0
20080402;4.43;4.43;4.34;4.39;0
20080403;4.38;4.39;4.35;4.39;0
20080404;4.37;4.38;4.3;4.32;0
20080407;4.36;4.41;4.35;4.37;0
20080408;4.33;4.4;4.31;4.38;0
20080409;4.38;4.39;4.3;4.31;0
20080410;4.3;4.38;4.3;4.34;0
20080411;4.3;4.33;4.28;4.3;0
20080414;4.28;4.35;4.28;4.34;0
20080415;4.35;4.43;4.34;4.41;0
20080416;4.45;4.55;4.42;4.53;0
20080417;4.52;4.55;4.49;4.52;0
20080418;4.55;4.58;4.51;4.52;0
20080421;4.52;4.55;4.47;4.48;0
20080422;4.5;4.51;4.44;4.47;0
20080423;4.43;4.53;4.43;4.49;0
20080424;4.49;4.59;4.48;4.54;0
20080425;4.57;4.6;4.55;4.59;0
20080428;4.62;4.62;4.56;4.57;0
20080429;4.55;4.56;4.51;4.56;0
20080430;4.54;4.59;4.5;4.5;0
20080501;4.49;4.52;4.42;4.48;0
20080502;4.47;4.59;4.45;4.57;0
20080505;4.59;4.62;4.56;4.58;0
20080506;4.58;4.64;4.55;4.64;0
20080507;4.65;4.69;4.61;4.62;0
20080508;4.62;4.64;4.56;4.56;0
20080509;4.5;4.54;4.49;4.52;0
20080512;4.54;4.54;4.47;4.52;0
20080513;4.5;4.62;4.5;4.62;0
20080514;4.66;4.68;4.56;4.64;0
20080515;4.63;4.65;4.58;4.58;0
20080516;4.57;4.61;4.5;4.58;0
20080519;4.57;4.62;4.56;4.57;0
20080520;4.58;4.6;4.53;4.53;0
20080521;4.55;4.58;4.53;4.56;0
20080522;4.55;4.67;4.55;4.63;0
20080523;4.6;4.6;4.55;4.56;0
20080527;4.6;4.65;4.59;4.64;0
20080528;4.65;4.72;4.65;4.7;0
20080529;4.72;4.81;4.7;4.76;0
20080530;4.73;4.74;4.7;4.71;0
20080602;4.7;4.73;4.66;4.68;0
20080603;4.66;4.72;4.6;4.62;0
20080604;4.62;4.7;4.59;4.68;0
20080605;4.68;4.74;4.68;4.73;0
20080606;4.71;4.73;4.62;4.65;0
20080609;4.62;4.69;4.59;4.62;0
20080610;4.62;4.72;4.62;4.7;0
20080611;4.71;4.73;4.64;4.7;0
20080612;4.72;4.8;4.71;4.76;0
20080613;4.78;4.81;4.74;4.8;0
20080616;4.76;4.81;4.74;4.78;0
20080617;4.77;4.81;4.74;4.79;0
20080618;4.78;4.78;4.71;4.73;0
20080619;4.74;4.78;4.72;4.75;0
20080620;4.71;4.73;4.69;4.7;0
20080623;4.71;4.72;4.67;4.71;0
20080624;4.69;4.69;4.65;4.66;0
20080625;4.66;4.72;4.65;4.66;0
20080626;4.67;4.68;4.59;4.6;0
20080627;4.58;4.6;4.52;4.54;0
20080630;4.53;4.54;4.49;4.53;0
20080701;4.5;4.55;4.47;4.54;0
20080702;4.54;4.54;4.5;4.5;0
20080703;4.51;4.57;4.48;4.53;0
20080707;4.55;4.57;4.45;4.5;0
20080708;4.49;4.51;4.45;4.46;0
20080709;4.48;4.48;4.43;4.43;0
20080710;4.43;4.46;4.4;4.42;0
20080711;4.42;4.54;4.41;4.52;0
20080714;4.55;4.55;4.43;4.47;0
20080715;4.45;4.48;4.42;4.47;0
20080716;4.48;4.59;4.47;4.58;0
20080717;4.57;4.65;4.57;4.64;0
20080718;4.65;4.67;4.6;4.66;0
20080721;4.65;4.68;4.64;4.65;0
20080722;4.63;4.7;4.63;4.66;0
20080723;4.69;4.72;4.67;4.7;0
20080724;4.68;4.68;4.6;4.61;0
20080725;4.61;4.7;4.61;4.7;0
20080728;4.68;4.68;4.59;4.61;0
20080729;4.66;4.68;4.62;4.62;0
20080730;4.65;4.7;4.61;4.64;0
20080731;4.64;4.65;4.57;4.6;0
20080801;4.57;4.63;4.57;4.57;0
20080804;4.59;4.6;4.56;4.59;0
20080805;4.6;4.63;4.57;4.63;0
20080806;4.64;4.72;4.64;4.69;0
20080807;4.68;4.68;4.55;4.56;0
20080808;4.58;4.59;4.53;4.55;0
20080811;4.55;4.65;4.54;4.61;0
20080812;4.59;4.59;4.55;4.55;0
20080813;4.54;4.59;4.51;4.58;0
20080814;4.56;4.58;4.5;4.52;0
20080815;4.52;4.53;4.47;4.47;0
20080818;4.47;4.48;4.43;4.44;0
20080819;4.43;4.48;4.43;4.47;0
20080820;4.45;4.46;4.42;4.44;0
20080821;4.44;4.5;4.42;4.47;0
20080822;4.47;4.5;4.45;4.46;0
20080825;4.44;4.44;4.37;4.4;0
20080826;4.39;4.42;4.38;4.39;0
20080827;4.41;4.45;4.38;4.38;0
20080828;4.41;4.43;4.37;4.39;0
20080829;4.38;4.44;4.36;4.41;0
20080902;4.44;4.47;4.36;4.36;0
20080903;4.35;4.37;4.31;4.32;0
20080904;4.32;4.33;4.26;4.28;0
20080905;4.24;4.28;4.21;4.28;0
20080908;4.35;4.37;4.25;4.27;0
20080909;4.26;4.27;4.17;4.19;0
20080910;4.19;4.25;4.19;4.22;0
20080911;4.2;4.24;4.17;4.21;0
20080912;4.22;4.33;4.2;4.33;0
20080915;4.22;4.25;4.15;4.15;0
20080916;3.97;4.11;3.89;4.09;0
20080917;4.06;4.11;3.98;4.08;0
20080918;4.12;4.14;4.05;4.11;0
20080919;4.31;4.42;4.31;4.37;0
20080922;4.43;4.48;4.4;4.41;0
20080923;4.4;4.45;4.38;4.43;0
20080924;4.36;4.4;4.33;4.38;0
20080925;4.38;4.44;4.33;4.41;0
20080926;4.36;4.38;4.33;4.36;0
20080929;4.34;4.35;4.13;4.16;0
20080930;4.14;4.31;4.14;4.3;0
20081001;4.24;4.28;4.14;4.25;0
20081002;4.17;4.19;4.14;4.15;0
20081003;4.11;4.24;4.1;4.12;0
20081006;4.04;4.06;3.93;3.94;0
20081007;3.97;4.08;3.96;4.03;0
20081008;3.95;4.16;3.9;4.06;0
20081009;4.02;4.15;3.98;4.12;0
20081010;4.12;4.16;4.08;4.14;0
20081013;4.14;4.14;4.14;4.14;0
20081014;4.3;4.33;4.23;4.26;0
20081015;4.25;4.32;4.22;4.25;0
20081016;4.24;4.28;4.2;4.23;0
20081017;4.25;4.37;4.23;4.31;0
20081020;4.36;4.38;4.27;4.28;0
20081021;4.26;4.26;4.16;4.19;0
20081022;4.13;4.16;4.08;4.09;0
20081023;4.03;4.08;3.94;3.97;0
20081024;3.88;4.09;3.88;4.09;0
20081027;4.02;4.12;3.99;4.11;0
20081028;4.12;4.19;4.08;4.17;0
20081029;4.17;4.24;4.14;4.24;0
20081030;4.25;4.28;4.23;4.28;0
20081031;4.26;4.37;4.23;4.37;0
20081103;4.37;4.37;4.32;4.32;0
20081104;4.36;4.36;4.2;4.22;0
20081105;4.18;4.2;4.14;4.15;0
20081106;4.17;4.26;4.16;4.2;0
20081107;4.19;4.28;4.17;4.26;0
20081110;4.29;4.29;4.2;4.21;0
20081111;4.21;4.21;4.21;4.21;0
20081112;4.2;4.2;4.14;4.19;0
20081113;4.2;4.35;4.18;4.33;0
20081114;4.26;4.27;4.2;4.23;0
20081117;4.21;4.23;4.17;4.21;0
20081118;4.17;4.2;4.11;4.14;0
20081119;4.06;4.09;3.95;3.97;0
20081120;3.83;3.83;3.69;3.7;0
20081121;3.49;3.79;3.49;3.66;0
20081124;3.71;3.78;3.68;3.76;0
20081125;3.7;3.7;3.59;3.63;0
20081126;3.57;3.61;3.51;3.56;0
20081128;3.51;3.54;3.47;3.49;0
20081201;3.38;3.39;3.18;3.24;0
20081202;3.25;3.31;3.18;3.2;0
20081203;3.2;3.27;3.17;3.18;0
20081204;3.15;3.17;3.07;3.08;0
20081205;3.05;3.12;3.01;3.11;0
20081208;3.14;3.18;3.09;3.15;0
20081209;3.13;3.15;3.05;3.08;0
20081210;3.08;3.13;3.06;3.1;0
20081211;3.1;3.18;3.05;3.09;0
20081212;3.03;3.18;3;3.06;0
20081215;3.08;3.08;2.98;3;0
20081216;2.94;2.97;2.86;2.87;0
20081217;2.64;2.7;2.58;2.66;0
20081218;2.62;2.62;2.52;2.55;0
20081219;2.58;2.61;2.52;2.56;0
20081222;2.6;2.65;2.56;2.6;0
20081223;2.66;2.7;2.61;2.63;0
20081224;2.63;2.7;2.62;2.63;0
20081226;2.61;2.64;2.59;2.61;0
20081229;2.61;2.67;2.57;2.62;0
20081230;2.64;2.7;2.57;2.58;0
20081231;2.56;2.75;2.56;2.69;0
20090102;2.66;2.82;2.62;2.82;0
20090105;2.89;3.04;2.85;3.04;0
20090106;3.1;3.14;2.99;3.07;0
20090107;3.03;3.1;3.03;3.07;0
20090108;3;3.06;2.99;3.05;0
20090109;3.05;3.12;3;3.06;0
20090112;3.09;3.11;2.99;2.99;0
20090113;2.99;3.03;2.99;3.02;0
20090114;3;3;2.88;2.89;0
20090115;2.86;2.9;2.83;2.86;0
20090116;2.95;3;2.85;2.89;0
20090120;2.97;3.09;2.93;2.95;0
20090121;3.05;3.14;3.02;3.14;0
20090122;3.13;3.3;3.11;3.25;0
20090123;3.28;3.39;3.28;3.33;0
20090126;3.36;3.42;3.32;3.38;0
20090127;3.31;3.35;3.23;3.23;0
20090128;3.26;3.44;3.22;3.43;0
20090129;3.43;3.56;3.42;3.56;0
20090130;3.58;3.61;3.51;3.6;0
20090202;3.59;3.6;3.46;3.47;0
20090203;3.53;3.63;3.53;3.62;0
20090204;3.62;3.73;3.62;3.67;0
20090205;3.65;3.68;3.59;3.63;0
20090206;3.65;3.7;3.64;3.68;0
20090209;3.71;3.76;3.71;3.71;0
20090210;3.63;3.63;3.53;3.53;0
20090211;3.51;3.52;3.42;3.45;0
20090212;3.47;3.54;3.45;3.46;0
20090213;3.55;3.68;3.54;3.68;0
20090217;3.59;3.59;3.48;3.49;0
20090218;3.41;3.53;3.41;3.53;0
20090219;3.61;3.69;3.58;3.69;0
20090220;3.58;3.61;3.49;3.57;0
20090223;3.63;3.65;3.52;3.53;0
20090224;3.51;3.51;3.42;3.49;0
20090225;3.49;3.6;3.47;3.6;0
20090226;3.65;3.7;3.62;3.65;0
20090227;3.62;3.75;3.6;3.72;0
20090302;3.65;3.68;3.6;3.65;0
20090303;3.66;3.7;3.59;3.68;0
20090304;3.71;3.73;3.67;3.7;0
20090305;3.61;3.62;3.49;3.51;0
20090306;3.48;3.57;3.45;3.5;0
20090309;3.55;3.62;3.53;3.59;0
20090310;3.63;3.71;3.62;3.71;0
20090311;3.71;3.77;3.65;3.66;0
20090312;3.65;3.7;3.59;3.63;0
20090313;3.67;3.7;3.61;3.67;0
20090316;3.78;3.83;3.75;3.77;0
20090317;3.74;3.81;3.7;3.8;0
20090318;3.82;3.85;3.37;3.57;0
20090319;3.52;3.61;3.51;3.61;0
20090320;3.61;3.65;3.61;3.65;0
20090323;3.66;3.69;3.63;3.69;0
20090324;3.77;3.78;3.59;3.61;0
20090325;3.67;3.75;3.67;3.72;0
20090326;3.76;3.77;3.64;3.65;0
20090327;3.64;3.67;3.59;3.62;0
20090330;3.55;3.65;3.53;3.6;0
20090331;3.62;3.62;3.54;3.56;0
20090401;3.53;3.55;3.49;3.49;0
20090402;3.54;3.59;3.52;3.58;0
20090403;3.61;3.73;3.57;3.72;0
20090406;3.69;3.76;3.66;3.76;0
20090407;3.72;3.75;3.69;3.73;0
20090408;3.72;3.72;3.65;3.66;0
20090409;3.72;3.79;3.7;3.76;0
20090413;3.77;3.77;3.67;3.69;0
20090414;3.73;3.73;3.64;3.66;0
20090415;3.64;3.72;3.63;3.65;0
20090416;3.69;3.73;3.68;3.71;0
20090417;3.72;3.81;3.72;3.79;0
20090420;3.73;3.74;3.69;3.69;0
20090421;3.67;3.75;3.63;3.75;0
20090422;3.74;3.84;3.74;3.83;0
20090423;3.82;3.84;3.79;3.8;0
20090424;3.85;3.89;3.83;3.88;0
20090427;3.84;3.91;3.83;3.84;0
20090428;3.82;3.95;3.8;3.95;0
20090429;3.96;4.05;3.9;4.03;0
20090430;4.06;4.09;4.03;4.04;0
20090501;4.08;4.12;4.07;4.09;0
20090504;4.07;4.11;4.04;4.07;0
20090505;4.05;4.11;4.03;4.05;0
20090506;4.09;4.11;4.04;4.08;0
20090507;4.14;4.31;4.13;4.26;0
20090508;4.36;4.39;4.24;4.27;0
20090511;4.22;4.23;4.18;4.18;0
20090512;4.22;4.24;4.14;4.16;0
20090513;4.15;4.15;4.08;4.09;0
20090514;4.07;4.12;4.06;4.07;0
20090515;4.05;4.11;4.04;4.08;0
20090518;4.06;4.18;4.04;4.18;0
20090519;4.22;4.23;4.18;4.21;0
20090520;4.2;4.23;4.15;4.16;0
20090521;4.13;4.33;4.1;4.31;0
20090522;4.29;4.39;4.26;4.39;0
20090526;4.36;4.45;4.34;4.45;0
20090527;4.46;4.61;4.45;4.61;0
20090528;4.57;4.63;4.48;4.53;0
20090529;4.51;4.52;4.34;4.34;0
20090601;4.37;4.58;4.37;4.57;0
20090602;4.52;4.56;4.48;4.49;0
20090603;4.47;4.52;4.44;4.45;0
20090604;4.5;4.59;4.49;4.59;0
20090605;4.61;4.72;4.55;4.66;0
20090608;4.58;4.64;4.56;4.64;0
20090609;4.61;4.69;4.6;4.65;0
20090610;4.72;5.07;4.68;4.75;0
20090611;4.83;4.84;4.66;4.69;0
20090612;4.66;4.69;4.59;4.63;0
20090615;4.62;4.63;4.55;4.55;0
20090616;4.59;4.62;4.49;4.5;0
20090617;4.49;4.5;4.4;4.47;0
20090618;4.52;4.63;4.52;4.62;0
20090619;4.6;4.64;4.52;4.52;0
20090622;4.46;4.5;4.42;4.43;0
20090623;4.47;4.48;4.36;4.37;0
20090624;4.39;4.56;4.35;4.43;0
20090625;4.44;4.45;4.33;4.33;0
20090626;4.34;4.35;4.29;4.3;0
20090629;4.3;4.33;4.27;4.31;0
20090630;4.3;4.38;4.27;4.31;0
20090701;4.38;4.4;4.34;4.35;0
20090702;4.36;4.36;4.3;4.32;0
20090706;4.34;4.39;4.34;4.35;0
20090707;4.38;4.39;4.31;4.31;0
20090708;4.28;4.29;4.16;4.16;0
20090709;4.24;4.33;4.24;4.32;0
20090710;4.25;4.26;4.19;4.2;0
20090713;4.21;4.24;4.18;4.23;0
20090714;4.3;4.35;4.27;4.35;0
20090715;4.39;4.49;4.39;4.49;0
20090716;4.49;4.5;4.41;4.45;0
20090717;4.43;4.53;4.43;4.53;0
20090720;4.58;4.58;4.46;4.47;0
20090721;4.54;4.57;4.37;4.37;0
20090722;4.38;4.47;4.38;4.47;0
20090723;4.42;4.6;4.4;4.6;0
20090724;4.55;4.59;4.52;4.55;0
20090727;4.59;4.66;4.57;4.61;0
20090728;4.59;4.62;4.51;4.56;0
20090729;4.51;4.58;4.47;4.5;0
20090730;4.54;4.56;4.44;4.45;0
20090731;4.43;4.47;4.31;4.31;0
20090803;4.37;4.44;4.35;4.42;0
20090804;4.39;4.51;4.36;4.46;0
20090805;4.5;4.56;4.43;4.56;0
20090806;4.54;4.61;4.5;4.52;0
20090807;4.54;4.67;4.5;4.6;0
20090810;4.61;4.61;4.52;4.53;0
20090811;4.5;4.51;4.43;4.45;0
20090812;4.44;4.57;4.42;4.52;0
20090813;4.58;4.59;4.42;4.42;0
20090814;4.43;4.44;4.35;4.41;0
20090817;4.36;4.4;4.33;4.35;0
20090818;4.35;4.36;4.31;4.36;0
20090819;4.27;4.34;4.25;4.29;0
20090820;4.3;4.31;4.24;4.24;0
20090821;4.25;4.36;4.24;4.36;0
20090824;4.38;4.42;4.28;4.29;0
20090825;4.27;4.3;4.22;4.23;0
20090826;4.22;4.25;4.2;4.2;0
20090827;4.23;4.27;4.19;4.23;0
20090828;4.25;4.3;4.2;4.21;0
20090831;4.2;4.25;4.18;4.18;0
20090901;4.19;4.26;4.16;4.2;0
20090902;4.2;4.2;4.1;4.1;0
20090903;4.16;4.18;4.13;4.15;0
20090904;4.18;4.28;4.16;4.27;0
20090908;4.29;4.32;4.25;4.31;0
20090909;4.35;4.39;4.32;4.34;0
20090910;4.32;4.33;4.18;4.18;0
20090911;4.19;4.21;4.1;4.18;0
20090914;4.19;4.23;4.18;4.22;0
20090915;4.25;4.29;4.24;4.26;0
20090916;4.2;4.31;4.2;4.27;0
20090917;4.27;4.28;4.16;4.18;0
20090918;4.18;4.24;4.18;4.23;0
20090921;4.22;4.26;4.19;4.24;0
20090922;4.26;4.27;4.19;4.21;0
20090923;4.22;4.34;4.18;4.2;0
20090924;4.19;4.26;4.15;4.17;0
20090925;4.17;4.18;4.09;4.09;0
20090928;4.09;4.1;4.04;4.05;0
20090929;4.05;4.09;4.02;4.02;0
20090930;4.03;4.07;4.02;4.05;0
20091001;4.03;4.05;3.93;3.96;0
20091002;3.94;4.01;3.89;4.01;0
20091005;3.98;4.02;3.97;4.02;0
20091006;4.03;4.08;4.02;4.06;0
20091007;4.06;4.06;3.99;3.99;0
20091008;4.01;4.1;3.96;4.09;0
20091009;4.09;4.25;4.07;4.23;0
20091012;4.23;4.23;4.23;4.23;0
20091013;4.19;4.19;4.15;4.15;0
20091014;4.25;4.29;4.2;4.28;0
20091015;4.28;4.32;4.24;4.31;0
20091016;4.29;4.3;4.24;4.25;0
20091019;4.24;4.25;4.2;4.22;0
20091020;4.2;4.2;4.12;4.16;0
20091021;4.19;4.25;4.19;4.23;0
20091022;4.23;4.27;4.22;4.25;0
20091023;4.28;4.3;4.25;4.29;0
20091026;4.3;4.39;4.28;4.37;0
20091027;4.36;4.38;4.29;4.29;0
20091028;4.28;4.29;4.23;4.24;0
20091029;4.26;4.37;4.26;4.34;0
20091030;4.31;4.31;4.23;4.24;0
20091102;4.25;4.29;4.23;4.27;0
20091103;4.25;4.35;4.25;4.34;0
20091104;4.38;4.44;4.34;4.43;0
20091105;4.41;4.44;4.4;4.41;0
20091106;4.4;4.46;4.36;4.39;0
20091109;4.42;4.42;4.37;4.4;0
20091110;4.36;4.43;4.34;4.41;0
20091111;4.41;4.41;4.41;4.41;0
20091112;4.4;4.48;4.38;4.39;0
20091113;4.39;4.41;4.36;4.36;0
20091116;4.32;4.33;4.26;4.26;0
20091117;4.29;4.31;4.24;4.25;0
20091118;4.27;4.31;4.24;4.3;0
20091119;4.29;4.3;4.23;4.29;0
20091120;4.29;4.33;4.27;4.3;0
20091123;4.32;4.35;4.29;4.29;0
20091124;4.26;4.3;4.25;4.26;0
20091125;4.25;4.3;4.21;4.24;0
20091127;4.2;4.23;4.19;4.22;0
20091130;4.23;4.24;4.19;4.19;0
20091201;4.23;4.28;4.22;4.28;0
20091202;4.27;4.29;4.22;4.27;0
20091203;4.3;4.34;4.29;4.33;0
20091204;4.32;4.44;4.32;4.41;0
20091207;4.38;4.42;4.37;4.41;0
20091208;4.36;4.4;4.32;4.38;0
20091209;4.39;4.46;4.35;4.41;0
20091210;4.44;4.51;4.43;4.49;0
20091211;4.51;4.56;4.49;4.5;0
20091214;4.48;4.5;4.46;4.47;0
20091215;4.53;4.56;4.5;4.53;0
20091216;4.53;4.55;4.48;4.53;0
20091217;4.49;4.5;4.41;4.42;0
20091218;4.43;4.47;4.4;4.46;0
20091221;4.5;4.57;4.49;4.57;0
20091222;4.61;4.63;4.58;4.61;0
20091223;4.59;4.61;4.55;4.6;0
20091224;4.6;4.69;4.6;4.69;0
20091228;4.71;4.71;4.68;4.7;0
20091229;4.7;4.71;4.64;4.65;0
20091230;4.64;4.65;4.6;4.6;0
20091231;4.61;4.71;4.61;4.64;0
20100104;4.68;4.68;4.63;4.66;0
20100105;4.64;4.65;4.59;4.59;0
20100106;4.62;4.68;4.62;4.67;0
20100107;4.7;4.74;4.66;4.69;0
20100108;4.7;4.76;4.66;4.7;0
20100111;4.72;4.74;4.7;4.73;0
20100112;4.67;4.67;4.62;4.62;0
20100113;4.65;4.71;4.63;4.71;0
20100114;4.69;4.7;4.61;4.62;0
20100115;4.6;4.61;4.56;4.57;0
20100119;4.59;4.63;4.57;4.6;0
20100120;4.57;4.57;4.53;4.54;0
20100121;4.56;4.56;4.49;4.51;0
20100122;4.49;4.54;4.49;4.51;0
20100125;4.55;4.58;4.53;4.55;0
20100126;4.5;4.57;4.5;4.57;0
20100127;4.56;4.57;4.52;4.55;0
20100128;4.59;4.59;4.55;4.57;0
20100129;4.57;4.6;4.5;4.51;0
20100201;4.52;4.58;4.51;4.57;0
20100202;4.57;4.58;4.55;4.55;0
20100203;4.59;4.64;4.58;4.63;0
20100204;4.62;4.62;4.54;4.55;0
20100205;4.53;4.58;4.49;4.49;0
20100208;4.52;4.54;4.51;4.52;0
20100209;4.53;4.57;4.5;4.57;0
20100210;4.55;4.65;4.55;4.64;0
20100211;4.65;4.71;4.63;4.68;0
20100212;4.66;4.67;4.63;4.66;0
20100216;4.68;4.68;4.63;4.64;0
20100217;4.65;4.73;4.65;4.71;0
20100218;4.69;4.77;4.68;4.75;0
20100219;4.74;4.75;4.7;4.7;0
20100222;4.73;4.75;4.72;4.73;0
20100223;4.72;4.72;4.63;4.63;0
20100224;4.65;4.65;4.6;4.63;0
20100225;4.61;4.61;4.58;4.58;0
20100226;4.57;4.57;4.52;4.53;0
20100301;4.56;4.58;4.54;4.56;0
20100302;4.59;4.61;4.56;4.57;0
20100303;4.57;4.61;4.57;4.59;0
20100304;4.59;4.6;4.54;4.56;0
20100305;4.57;4.66;4.57;4.64;0
20100308;4.67;4.69;4.66;4.67;0
20100309;4.66;4.71;4.65;4.68;0
20100310;4.7;4.72;4.68;4.69;0
20100311;4.71;4.72;4.65;4.66;0
20100312;4.68;4.7;4.61;4.63;0
20100315;4.63;4.66;4.63;4.64;0
20100316;4.64;4.65;4.59;4.59;0
20100317;4.57;4.59;4.56;4.57;0
20100318;4.56;4.6;4.54;4.59;0
20100319;4.6;4.62;4.55;4.58;0
20100322;4.59;4.59;4.56;4.57;0
20100323;4.58;4.61;4.58;4.6;0
20100324;4.64;4.74;4.64;4.72;0
20100325;4.72;4.79;4.72;4.78;0
20100326;4.76;4.78;4.74;4.75;0
20100329;4.78;4.8;4.76;4.76;0
20100330;4.76;4.8;4.76;4.76;0
20100331;4.71;4.75;4.71;4.72;0
20100401;4.74;4.77;4.72;4.73;0
20100405;4.81;4.85;4.79;4.84;0
20100406;4.82;4.86;4.81;4.84;0
20100407;4.83;4.86;4.74;4.74;0
20100408;4.75;4.77;4.72;4.76;0
20100409;4.75;4.78;4.73;4.75;0
20100412;4.75;4.76;4.69;4.7;0
20100413;4.7;4.7;4.66;4.67;0
20100414;4.7;4.73;4.66;4.72;0
20100415;4.73;4.76;4.7;4.73;0
20100416;4.7;4.72;4.67;4.67;0
20100419;4.67;4.7;4.67;4.7;0
20100420;4.7;4.7;4.67;4.68;0
20100421;4.66;4.66;4.61;4.61;0
20100422;4.62;4.64;4.59;4.64;0
20100423;4.65;4.68;4.64;4.67;0
20100426;4.64;4.68;4.63;4.67;0
20100427;4.64;4.64;4.54;4.56;0
20100428;4.6;4.64;4.58;4.64;0
20100429;4.63;4.64;4.59;4.59;0
20100430;4.6;4.61;4.53;4.53;0
20100503;4.55;4.57;4.53;4.55;0
20100504;4.5;4.5;4.44;4.44;0
20100505;4.37;4.42;4.32;4.39;0
20100506;4.43;4.44;4.06;4.16;0
20100507;4.28;4.35;4.11;4.28;0
20100510;4.44;4.46;4.39;4.41;0
20100511;4.37;4.46;4.36;4.42;0
20100512;4.46;4.48;4.44;4.47;0
20100513;4.48;4.51;4.42;4.46;0
20100514;4.4;4.41;4.29;4.32;0
20100517;4.34;4.36;4.28;4.34;0
20100518;4.35;4.36;4.24;4.25;0
20100519;4.26;4.27;4.2;4.24;0
20100520;4.15;4.15;4.08;4.14;0
20100521;4.04;4.12;3.98;4.07;0
20100524;4.05;4.11;4.05;4.1;0
20100525;4.05;4.07;3.99;4.05;0
20100526;4.14;4.16;4.09;4.11;0
20100527;4.17;4.25;4.16;4.24;0
20100528;4.24;4.25;4.21;4.21;0
20100601;4.18;4.22;4.13;4.2;0
20100602;4.19;4.24;4.16;4.24;0
20100603;4.29;4.32;4.25;4.29;0
20100604;4.25;4.25;4.12;4.12;0
20100607;4.16;4.17;4.11;4.12;0
20100608;4.12;4.14;4.09;4.09;0
20100609;4.13;4.26;4.12;4.12;0
20100610;4.14;4.24;4.14;4.24;0
20100611;4.22;4.22;4.13;4.14;0
20100614;4.21;4.24;4.18;4.2;0
20100615;4.18;4.25;4.17;4.23;0
20100616;4.19;4.23;4.16;4.2;0
20100617;4.19;4.21;4.11;4.12;0
20100618;4.13;4.16;4.11;4.15;0
20100621;4.22;4.23;4.16;4.16;0
20100622;4.14;4.16;4.1;4.1;0
20100623;4.12;4.12;4.03;4.06;0
20100624;4.03;4.11;4.03;4.09;0
20100625;4.1;4.13;4.05;4.07;0
20100628;4.05;4.06;4.01;4.01;0
20100629;3.98;3.99;3.94;3.95;0
20100630;3.93;3.95;3.91;3.91;0
20100701;3.88;3.9;3.83;3.87;0
20100702;3.89;3.94;3.86;3.94;0
20100706;3.93;3.94;3.89;3.89;0
20100707;3.88;3.96;3.88;3.95;0
20100708;3.97;4.02;3.97;4;0
20100709;4.02;4.04;4;4.04;0
20100712;4.03;4.05;4;4.04;0
20100713;4.06;4.11;4.06;4.1;0
20100714;4.09;4.11;4.03;4.03;0
20100715;4.04;4.05;3.96;3.97;0
20100716;3.98;4;3.93;3.95;0
20100719;3.96;3.99;3.95;3.99;0
20100720;3.95;3.99;3.94;3.96;0
20100721;3.98;3.99;3.9;3.9;0
20100722;3.91;3.95;3.9;3.95;0
20100723;3.98;4.02;3.95;4.02;0
20100726;4.01;4.06;4;4.02;0
20100727;4.07;4.09;4.05;4.08;0
20100728;4.07;4.11;4.05;4.07;0
20100729;4.09;4.14;4.08;4.08;0
20100730;4.05;4.05;3.98;3.98;0
20100802;4.02;4.07;4.02;4.07;0
20100803;4.04;4.06;4.02;4.05;0
20100804;4.02;4.07;4.01;4.07;0
20100805;4.07;4.08;4.03;4.07;0
20100806;4.06;4.07;4;4;0
20100809;4;4.03;4;4.01;0
20100810;3.99;4.03;3.94;4.03;0
20100811;3.98;3.99;3.92;3.92;0
20100812;3.94;3.95;3.89;3.93;0
20100813;3.92;3.93;3.87;3.87;0
20100816;3.79;3.79;3.72;3.72;0
20100817;3.72;3.77;3.71;3.77;0
20100818;3.73;3.74;3.68;3.73;0
20100819;3.75;3.75;3.62;3.66;0
20100820;3.61;3.67;3.6;3.66;0
20100823;3.68;3.7;3.67;3.67;0
20100824;3.58;3.62;3.54;3.56;0
20100825;3.51;3.58;3.46;3.58;0
20100826;3.53;3.59;3.53;3.53;0
20100827;3.52;3.71;3.52;3.7;0
20100830;3.65;3.67;3.6;3.6;0
20100831;3.55;3.57;3.52;3.53;0
20100901;3.54;3.7;3.54;3.66;0
20100902;3.66;3.74;3.66;3.73;0
20100903;3.75;3.88;3.75;3.78;0
20100907;3.71;3.72;3.67;3.67;0
20100908;3.7;3.75;3.69;3.72;0
20100909;3.76;3.85;3.76;3.85;0
20100910;3.86;3.9;3.85;3.87;0
20100913;3.92;3.92;3.84;3.84;0
20100914;3.84;3.87;3.78;3.79;0
20100915;3.86;3.88;3.82;3.87;0
20100916;3.87;3.96;3.86;3.92;0
20100917;3.89;3.93;3.86;3.91;0
20100920;3.89;3.91;3.86;3.87;0
20100921;3.85;3.87;3.78;3.79;0
20100922;3.73;3.78;3.71;3.74;0
20100923;3.73;3.76;3.67;3.73;0
20100924;3.75;3.8;3.75;3.79;0
20100927;3.72;3.75;3.69;3.7;0
20100928;3.73;3.74;3.64;3.65;0
20100929;3.67;3.7;3.64;3.69;0
20100930;3.66;3.77;3.65;3.69;0
20101001;3.72;3.76;3.69;3.72;0
20101004;3.71;3.73;3.7;3.71;0
20101005;3.7;3.76;3.69;3.73;0
20101006;3.72;3.72;3.64;3.66;0
20101007;3.7;3.72;3.68;3.71;0
20101008;3.73;3.75;3.68;3.75;0
20101012;3.72;3.8;3.71;3.79;0
20101013;3.85;3.88;3.83;3.83;0
20101014;3.82;3.9;3.79;3.9;0
20101015;3.89;4.02;3.88;4;0
20101018;3.94;3.96;3.92;3.93;0
20101019;3.97;3.99;3.88;3.9;0
20101020;3.9;3.94;3.87;3.89;0
20101021;3.87;3.95;3.87;3.94;0
20101022;3.97;3.99;3.92;3.94;0
20101025;3.89;3.92;3.86;3.91;0
20101026;3.94;4;3.94;3.99;0
20101027;4.05;4.06;4;4.04;0
20101028;4.03;4.07;4.02;4.05;0
20101029;4.03;4.04;3.99;4;0
20101101;3.96;4.03;3.93;4.02;0
20101102;3.98;3.98;3.93;3.93;0
20101103;4.01;4.08;3.86;4.06;0
20101104;4.08;4.09;4.02;4.04;0
20101105;4.1;4.16;4.09;4.13;0
20101108;4.13;4.15;4.08;4.14;0
20101109;4.11;4.25;4.09;4.25;0
20101110;4.25;4.34;4.22;4.24;0
20101111;4.24;4.24;4.24;4.24;0
20101112;4.24;4.28;4.22;4.27;0
20101115;4.34;4.38;4.28;4.37;0
20101116;4.37;4.4;4.26;4.26;0
20101117;4.29;4.31;4.22;4.28;0
20101118;4.31;4.35;4.28;4.28;0
20101119;4.26;4.28;4.24;4.25;0
20101122;4.2;4.26;4.17;4.21;0
20101123;4.17;4.19;4.15;4.17;0
20101124;4.2;4.3;4.2;4.3;0
20101126;4.23;4.24;4.2;4.21;0
20101129;4.19;4.2;4.15;4.15;0
20101130;4.09;4.12;4.05;4.1;0
20101201;4.17;4.24;4.17;4.24;0
20101202;4.27;4.28;4.22;4.27;0
20101203;4.27;4.32;4.2;4.31;0
20101206;4.28;4.3;4.25;4.25;0
20101207;4.33;4.44;4.32;4.43;0
20101208;4.38;4.51;4.35;4.44;0
20101209;4.44;4.49;4.36;4.4;0
20101210;4.4;4.46;4.39;4.42;0
20101213;4.45;4.48;4.38;4.4;0
20101214;4.44;4.56;4.43;4.56;0
20101215;4.49;4.62;4.49;4.6;0
20101216;4.59;4.62;4.56;4.58;0
20101217;4.51;4.53;4.41;4.41;0
20101220;4.4;4.48;4.37;4.46;0
20101221;4.44;4.49;4.42;4.43;0
20101222;4.43;4.46;4.41;4.45;0
20101223;4.46;4.49;4.43;4.47;0
20101227;4.48;4.5;4.42;4.42;0
20101228;4.43;4.55;4.41;4.55;0
20101229;4.53;4.54;4.41;4.41;0
20101230;4.46;4.49;4.42;4.43;0
20101231;4.39;4.41;4.33;4.36;0
20110103;4.4;4.45;4.35;4.4;0
20110104;4.41;4.45;4.39;4.44;0
20110105;4.45;4.57;4.45;4.55;0
20110106;4.53;4.57;4.5;4.53;0
20110107;4.55;4.6;4.47;4.49;0
20110110;4.49;4.5;4.45;4.49;0
20110111;4.49;4.54;4.47;4.48;0
20110112;4.54;4.55;4.5;4.52;0
20110113;4.53;4.56;4.47;4.49;0
20110114;4.51;4.54;4.46;4.53;0
20110118;4.49;4.61;4.48;4.56;0
20110119;4.54;4.58;4.53;4.53;0
20110120;4.54;4.64;4.53;4.62;0
20110121;4.59;4.63;4.57;4.57;0
20110124;4.56;4.57;4.53;4.56;0
20110125;4.53;4.57;4.47;4.47;0
20110126;4.53;4.61;4.5;4.6;0
20110127;4.62;4.63;4.56;4.56;0
20110128;4.61;4.64;4.51;4.53;0
20110131;4.57;4.6;4.54;4.57;0
20110201;4.61;4.64;4.59;4.61;0
20110202;4.58;4.66;4.57;4.64;0
20110203;4.64;4.67;4.61;4.66;0
20110204;4.67;4.74;4.65;4.74;0
20110207;4.75;4.76;4.71;4.71;0
20110208;4.7;4.77;4.69;4.76;0
20110209;4.74;4.79;4.68;4.7;0
20110210;4.73;4.78;4.72;4.77;0
20110211;4.73;4.74;4.68;4.71;0
20110214;4.7;4.72;4.65;4.67;0
20110215;4.69;4.7;4.66;4.66;0
20110216;4.66;4.7;4.63;4.67;0
20110217;4.67;4.68;4.64;4.66;0
20110218;4.69;4.72;4.69;4.7;0
20110222;4.66;4.67;4.59;4.61;0
20110223;4.61;4.61;4.55;4.6;0
20110224;4.54;4.56;4.52;4.53;0
20110225;4.55;4.55;4.51;4.52;0
20110228;4.51;4.51;4.48;4.49;0
20110301;4.52;4.55;4.49;4.49;0
20110302;4.51;4.55;4.5;4.55;0
20110303;4.57;4.64;4.57;4.64;0
20110304;4.63;4.67;4.58;4.6;0
20110307;4.64;4.66;4.58;4.61;0
20110308;4.62;4.67;4.61;4.66;0
20110309;4.65;4.65;4.59;4.6;0
20110310;4.61;4.62;4.53;4.54;0
20110311;4.52;4.56;4.49;4.54;0
20110314;4.57;4.57;4.52;4.52;0
20110315;4.44;4.49;4.43;4.47;0
20110316;4.45;4.46;4.32;4.39;0
20110317;4.42;4.46;4.41;4.43;0
20110318;4.43;4.5;4.42;4.43;0
20110321;4.44;4.48;4.43;4.45;0
20110322;4.46;4.47;4.43;4.44;0
20110323;4.4;4.45;4.39;4.45;0
20110324;4.47;4.49;4.45;4.47;0
20110325;4.45;4.52;4.45;4.51;0
20110328;4.51;4.53;4.47;4.49;0
20110329;4.51;4.55;4.49;4.55;0
20110330;4.54;4.55;4.52;4.52;0
20110331;4.49;4.55;4.47;4.51;0
20110401;4.51;4.51;4.49;4.49;0
20110404;4.49;4.49;4.46;4.49;0
20110405;4.47;4.52;4.45;4.51;0
20110406;4.51;4.59;4.51;4.59;0
20110407;4.62;4.63;4.59;4.62;0
20110408;4.65;4.67;4.62;4.63;0
20110411;4.67;4.67;4.62;4.63;0
20110412;4.61;4.62;4.56;4.57;0
20110413;4.6;4.62;4.55;4.55;0
20110414;4.53;4.56;4.52;4.54;0
20110415;4.53;4.53;4.46;4.47;0
20110418;4.43;4.55;4.43;4.45;0
20110419;4.47;4.47;4.43;4.43;0
20110420;4.46;4.46;4.43;4.45;0
20110421;4.45;4.48;4.43;4.48;0
20110425;4.46;4.48;4.44;4.46;0
20110426;4.45;4.45;4.4;4.4;0
20110427;4.41;4.46;4.41;4.46;0
20110428;4.45;4.46;4.42;4.42;0
20110429;4.4;4.43;4.39;4.41;0
20110502;4.42;4.42;4.38;4.39;0
20110503;4.37;4.39;4.35;4.36;0
20110504;4.35;4.35;4.32;4.33;0
20110505;4.3;4.31;4.28;4.28;0
20110506;4.28;4.35;4.26;4.3;0
20110509;4.32;4.32;4.29;4.3;0
20110510;4.31;4.34;4.31;4.33;0
20110511;4.35;4.36;4.3;4.3;0
20110512;4.3;4.37;4.29;4.35;0
20110513;4.35;4.35;4.28;4.33;0
20110516;4.3;4.33;4.28;4.28;0
20110517;4.28;4.28;4.22;4.23;0
20110518;4.21;4.29;4.21;4.29;0
20110519;4.31;4.36;4.3;4.3;0
20110520;4.29;4.34;4.29;4.3;0
20110523;4.27;4.28;4.24;4.27;0
20110524;4.28;4.29;4.25;4.26;0
20110525;4.26;4.29;4.24;4.28;0
20110526;4.29;4.29;4.22;4.22;0
20110527;4.25;4.27;4.23;4.24;0
20110531;4.25;4.26;4.21;4.22;0
20110601;4.19;4.2;4.14;4.15;0
20110602;4.17;4.25;4.17;4.25;0
20110603;4.26;4.27;4.2;4.23;0
20110606;4.26;4.3;4.26;4.26;0
20110607;4.29;4.3;4.26;4.26;0
20110608;4.23;4.24;4.19;4.21;0
20110609;4.17;4.25;4.16;4.22;0
20110610;4.2;4.2;4.16;4.18;0
20110613;4.2;4.22;4.17;4.2;0
20110614;4.23;4.3;4.22;4.3;0
20110615;4.28;4.3;4.2;4.2;0
20110616;4.15;4.2;4.14;4.16;0
20110617;4.21;4.22;4.18;4.2;0
20110620;4.16;4.22;4.16;4.2;0
20110621;4.21;4.24;4.19;4.22;0
20110622;4.2;4.22;4.19;4.22;0
20110623;4.19;4.19;4.15;4.16;0
20110624;4.16;4.19;4.15;4.17;0
20110627;4.22;4.29;4.2;4.28;0
20110628;4.28;4.34;4.28;4.33;0
20110629;4.34;4.38;4.32;4.37;0
20110630;4.38;4.45;4.36;4.38;0
20110701;4.36;4.42;4.36;4.4;0
20110705;4.38;4.39;4.36;4.39;0
20110706;4.36;4.39;4.35;4.35;0
20110707;4.39;4.41;4.37;4.37;0
20110708;4.39;4.41;4.28;4.28;0
20110711;4.23;4.26;4.2;4.2;0
20110712;4.18;4.21;4.15;4.19;0
20110713;4.22;4.24;4.18;4.18;0
20110714;4.21;4.25;4.18;4.24;0
20110715;4.27;4.32;4.24;4.25;0
20110718;4.23;4.31;4.23;4.29;0
20110719;4.31;4.31;4.19;4.2;0
20110720;4.21;4.27;4.2;4.26;0
20110721;4.28;4.33;4.27;4.32;0
20110722;4.29;4.29;4.26;4.26;0
20110725;4.31;4.34;4.26;4.32;0
20110726;4.34;4.34;4.27;4.28;0
20110727;4.28;4.32;4.28;4.28;0
20110728;4.28;4.28;4.24;4.26;0
20110729;4.24;4.24;4.13;4.13;0
20110801;4.14;4.17;4.06;4.07;0
20110802;4.04;4.06;3.91;3.92;0
20110803;3.9;3.92;3.79;3.87;0
20110804;3.85;3.86;3.72;3.72;0
20110805;3.72;3.83;3.68;3.82;0
20110808;3.81;3.83;3.66;3.66;0
20110809;3.7;3.74;3.56;3.57;0
20110810;3.62;3.62;3.5;3.54;0
20110811;3.53;3.81;3.52;3.79;0
20110812;3.74;3.79;3.7;3.7;0
20110815;3.74;3.77;3.71;3.75;0
20110816;3.73;3.76;3.64;3.65;0
20110817;3.69;3.7;3.56;3.57;0
20110818;3.49;3.51;3.34;3.44;0
20110819;3.44;3.45;3.38;3.39;0
20110822;3.41;3.43;3.39;3.4;0
20110823;3.49;3.49;3.39;3.48;0
20110824;3.47;3.62;3.47;3.61;0
20110825;3.65;3.65;3.57;3.59;0
20110826;3.56;3.58;3.52;3.53;0
20110829;3.57;3.65;3.57;3.62;0
20110830;3.53;3.55;3.5;3.51;0
20110831;3.53;3.59;3.49;3.59;0
20110901;3.58;3.65;3.51;3.51;0
20110902;3.48;3.51;3.31;3.31;0
20110906;3.23;3.26;3.19;3.26;0
20110907;3.31;3.37;3.3;3.35;0
20110908;3.3;3.37;3.28;3.31;0
20110909;3.36;3.36;3.22;3.25;0
20110912;3.22;3.28;3.22;3.24;0
20110913;3.25;3.33;3.25;3.32;0
20110914;3.36;3.38;3.27;3.31;0
20110915;3.29;3.38;3.29;3.35;0
20110916;3.35;3.38;3.31;3.34;0
20110919;3.25;3.25;3.17;3.19;0
20110920;3.24;3.27;3.2;3.21;0
20110921;3.2;3.26;3.03;3.04;0
20110922;2.83;2.89;2.77;2.79;0
20110923;2.76;2.88;2.75;2.87;0
20110926;2.92;3.01;2.9;3;0
20110927;3.09;3.12;3.06;3.12;0
20110928;3.05;3.15;3.05;3.09;0
20110929;3.04;3.08;3;3;0
20110930;2.99;3;2.9;2.92;0
20111003;2.85;2.87;2.76;2.76;0
20111004;2.71;2.83;2.69;2.76;0
20111005;2.84;2.89;2.83;2.88;0
20111006;2.88;2.95;2.87;2.95;0
20111007;2.99;3.08;2.97;3.02;0
20111010;3.02;3.02;3.02;3.02;0
20111011;3.07;3.13;3.05;3.11;0
20111012;3.2;3.25;3.17;3.21;0
20111013;3.19;3.2;3.1;3.14;0
20111014;3.22;3.25;3.2;3.21;0
20111017;3.24;3.26;3.13;3.14;0
20111018;3.08;3.16;3.08;3.16;0
20111019;3.19;3.23;3.15;3.17;0
20111020;3.2;3.23;3.15;3.2;0
20111021;3.24;3.28;3.22;3.25;0
20111024;3.22;3.28;3.21;3.28;0
20111025;3.29;3.29;3.13;3.14;0
20111026;3.16;3.23;3.12;3.22;0
20111027;3.32;3.45;3.3;3.45;0
20111028;3.44;3.44;3.34;3.35;0
20111031;3.28;3.28;3.2;3.2;0
20111101;3.04;3.06;2.95;3.01;0
20111102;3.09;3.11;3.02;3.04;0
20111103;3.08;3.12;3.06;3.12;0
20111104;3.13;3.19;3.08;3.1;0
20111107;3.09;3.11;3.01;3.04;0
20111108;3.11;3.13;3.05;3.12;0
20111109;3.04;3.08;2.97;3.02;0
20111110;3.07;3.17;3.05;3.11;0
20111111;3.11;3.11;3.11;3.11;0
20111114;3.17;3.17;3.08;3.09;0
20111115;3.06;3.12;3.03;3.1;0
20111116;3.08;3.09;3.05;3.06;0
20111117;3.01;3.07;2.95;2.97;0
20111118;3.02;3.04;2.98;3;0
20111121;2.93;2.96;2.92;2.94;0
20111122;2.95;2.97;2.91;2.91;0
20111123;2.88;2.91;2.82;2.82;0
20111125;2.87;2.94;2.86;2.92;0
20111128;3.04;3.05;2.91;2.91;0
20111129;2.95;3.01;2.92;2.96;0
20111130;3.03;3.1;3.03;3.06;0
20111201;3.14;3.15;3.08;3.13;0
20111202;3.13;3.16;3.03;3.04;0
20111205;3.07;3.1;3.03;3.04;0
20111206;3.05;3.11;3.04;3.11;0
20111207;3.1;3.12;3.04;3.04;0
20111208;3.09;3.13;2.99;3;0
20111209;3.02;3.11;2.99;3.1;0
20111212;3.08;3.08;3.03;3.05;0
20111213;3.09;3.1;2.98;3;0
20111214;3.01;3.01;2.9;2.9;0
20111215;2.9;2.95;2.89;2.93;0
20111216;2.93;2.93;2.84;2.86;0
20111219;2.85;2.87;2.79;2.8;0
20111220;2.82;2.93;2.82;2.93;0
20111221;2.91;3.01;2.9;3;0
20111222;2.99;3;2.95;2.98;0
20111223;3.01;3.08;2.99;3.06;0
20111227;3.07;3.07;3.04;3.04;0
20111228;3.04;3.04;2.9;2.9;0
20111229;2.92;2.95;2.89;2.91;0
20111230;2.92;2.92;2.86;2.89;0
20120103;2.98;3;2.94;2.99;0
20120104;2.96;3.06;2.96;3.04;0
20120105;3.04;3.07;2.99;3.06;0
20120106;3.08;3.11;3;3.02;0
20120109;3.04;3.05;2.97;3.03;0
20120110;3.07;3.08;3.01;3.03;0
20120111;3.01;3.01;2.95;2.96;0
20120112;2.98;2.99;2.94;2.98;0
20120113;2.95;2.95;2.88;2.9;0
20120117;2.95;2.95;2.88;2.89;0
20120118;2.91;2.96;2.88;2.95;0
20120119;2.98;3.06;2.98;3.04;0
20120120;3.06;3.11;3.05;3.1;0
20120123;3.14;3.18;3.12;3.15;0
20120124;3.12;3.17;3.11;3.16;0
20120125;3.14;3.17;3.04;3.15;0
20120126;3.11;3.15;3.08;3.09;0
20120127;3.14;3.15;3.05;3.06;0
20120130;3;3;2.95;2.98;0
20120131;3;3.02;2.93;2.93;0
20120201;2.95;3.02;2.94;3.02;0
20120202;2.99;3.03;2.98;3.01;0
20120203;3.01;3.16;3.01;3.15;0
20120206;3.12;3.14;3.07;3.09;0
20120207;3.1;3.18;3.1;3.14;0
20120208;3.17;3.17;3.13;3.14;0
20120209;3.16;3.24;3.16;3.19;0
20120210;3.14;3.15;3.11;3.12;0
20120213;3.15;3.17;3.11;3.14;0
20120214;3.12;3.12;3.06;3.07;0
20120215;3.08;3.1;3.06;3.09;0
20120216;3.08;3.17;3.07;3.15;0
20120217;3.17;3.18;3.15;3.16;0
20120221;3.16;3.22;3.16;3.19;0
20120222;3.2;3.2;3.14;3.15;0
20120223;3.18;3.19;3.11;3.12;0
20120224;3.12;3.12;3.09;3.1;0
20120227;3.07;3.07;3.03;3.04;0
20120228;3.05;3.06;3.02;3.06;0
20120229;3.04;3.12;3.04;3.09;0
20120301;3.15;3.18;3.13;3.16;0
20120302;3.12;3.13;3.09;3.11;0
20120305;3.12;3.14;3.09;3.14;0
20120306;3.11;3.11;3.06;3.08;0
20120307;3.08;3.12;3.08;3.12;0
20120308;3.15;3.18;3.14;3.17;0
20120309;3.18;3.22;3.18;3.19;0
20120312;3.15;3.17;3.14;3.17;0
20120313;3.19;3.26;3.19;3.25;0
20120314;3.33;3.42;3.31;3.41;0
20120315;3.46;3.47;3.38;3.41;0
20120316;3.45;3.47;3.41;3.41;0
20120319;3.38;3.49;3.38;3.48;0
20120320;3.43;3.49;3.43;3.46;0
20120321;3.44;3.44;3.37;3.38;0
20120322;3.36;3.4;3.35;3.36;0
20120323;3.34;3.35;3.3;3.31;0
20120326;3.35;3.38;3.32;3.33;0
20120327;3.33;3.33;3.29;3.3;0
20120328;3.33;3.35;3.28;3.3;0
20120329;3.3;3.3;3.26;3.27;0
20120330;3.26;3.37;3.25;3.35;0
20120402;3.33;3.34;3.29;3.34;0
20120403;3.3;3.41;3.29;3.41;0
20120404;3.39;3.4;3.36;3.38;0
20120405;3.31;3.35;3.28;3.32;0
20120409;3.19;3.2;3.17;3.18;0
20120410;3.2;3.2;3.11;3.14;0
20120411;3.17;3.2;3.17;3.18;0
20120412;3.19;3.23;3.17;3.21;0
20120413;3.17;3.18;3.13;3.15;0
20120416;3.12;3.15;3.09;3.11;0
20120417;3.14;3.16;3.13;3.15;0
20120418;3.13;3.14;3.12;3.13;0
20120419;3.13;3.13;3.1;3.11;0
20120420;3.15;3.16;3.12;3.13;0
20120423;3.07;3.09;3.06;3.08;0
20120424;3.1;3.12;3.09;3.11;0
20120425;3.14;3.19;3.12;3.15;0
20120426;3.12;3.15;3.09;3.13;0
20120427;3.12;3.14;3.1;3.12;0
20120430;3.1;3.11;3.09;3.11;0
20120501;3.12;3.17;3.09;3.16;0
20120502;3.11;3.13;3.1;3.11;0
20120503;3.11;3.14;3.1;3.11;0
20120504;3.12;3.14;3.07;3.07;0
20120507;3.07;3.07;3.05;3.07;0
20120508;3.03;3.05;3;3.02;0
20120509;2.99;3.05;2.99;3.04;0
20120510;3.07;3.11;3.05;3.05;0
20120511;3.03;3.04;3.01;3.02;0
20120514;2.95;2.96;2.93;2.95;0
20120515;2.95;2.97;2.92;2.93;0
20120516;2.95;2.96;2.89;2.91;0
20120517;2.9;2.9;2.81;2.81;0
20120518;2.8;2.85;2.79;2.79;0
20120521;2.82;2.82;2.79;2.79;0
20120522;2.88;2.9;2.86;2.89;0
20120523;2.84;2.84;2.78;2.79;0
20120524;2.84;2.87;2.83;2.85;0
20120525;2.86;2.86;2.83;2.85;0
20120529;2.84;2.85;2.82;2.84;0
20120530;2.79;2.79;2.71;2.72;0
20120531;2.7;2.7;2.59;2.67;0
20120601;2.6;2.61;2.51;2.54;0
20120604;2.57;2.58;2.53;2.57;0
20120605;2.6;2.62;2.59;2.62;0
20120606;2.66;2.74;2.62;2.72;0
20120607;2.76;2.78;2.72;2.76;0
20120608;2.66;2.77;2.65;2.77;0
20120611;2.74;2.77;2.7;2.72;0
20120612;2.73;2.78;2.73;2.77;0
20120613;2.79;2.8;2.7;2.71;0
20120614;2.72;2.74;2.7;2.71;0
20120615;2.71;2.71;2.67;2.69;0
20120618;2.66;2.7;2.65;2.68;0
20120619;2.67;2.74;2.67;2.73;0
20120620;2.76;2.83;2.69;2.72;0
20120621;2.72;2.73;2.66;2.69;0
20120622;2.7;2.76;2.7;2.76;0
20120625;2.71;2.71;2.67;2.68;0
20120626;2.69;2.72;2.68;2.7;0
20120627;2.7;2.72;2.68;2.69;0
20120628;2.67;2.68;2.65;2.67;0
20120629;2.74;2.78;2.73;2.76;0
20120702;2.74;2.75;2.66;2.68;0
20120703;2.7;2.75;2.7;2.74;0
20120705;2.75;2.75;2.69;2.72;0
20120706;2.71;2.71;2.66;2.66;0
20120709;2.64;2.66;2.61;2.62;0
20120710;2.63;2.64;2.59;2.59;0
20120711;2.61;2.62;2.56;2.59;0
20120712;2.59;2.6;2.56;2.56;0
20120713;2.56;2.6;2.56;2.58;0
20120716;2.56;2.56;2.52;2.55;0
20120717;2.58;2.6;2.55;2.6;0
20120718;2.58;2.6;2.57;2.58;0
20120719;2.62;2.63;2.59;2.61;0
20120720;2.56;2.57;2.53;2.55;0
20120723;2.49;2.52;2.48;2.52;0
20120724;2.51;2.54;2.46;2.47;0
20120725;2.49;2.5;2.45;2.47;0
20120726;2.48;2.5;2.47;2.49;0
20120727;2.54;2.67;2.53;2.64;0
20120730;2.62;2.62;2.57;2.58;0
20120731;2.56;2.61;2.55;2.58;0
20120801;2.58;2.63;2.55;2.61;0
20120802;2.62;2.65;2.51;2.55;0
20120803;2.59;2.68;2.59;2.66;0
20120806;2.64;2.65;2.62;2.65;0
20120807;2.69;2.74;2.69;2.72;0
20120808;2.71;2.75;2.69;2.74;0
20120809;2.76;2.81;2.74;2.75;0
20120810;2.73;2.75;2.71;2.74;0
20120813;2.74;2.75;2.71;2.74;0
20120814;2.78;2.84;2.78;2.83;0
20120815;2.88;2.92;2.85;2.91;0
20120816;2.91;2.98;2.89;2.96;0
20120817;2.94;2.94;2.91;2.93;0
20120820;2.95;2.96;2.91;2.93;0
20120821;2.95;2.98;2.91;2.91;0
20120822;2.86;2.86;2.82;2.83;0
20120823;2.81;2.82;2.78;2.78;0
20120824;2.77;2.8;2.74;2.79;0
20120827;2.78;2.78;2.75;2.76;0
20120828;2.75;2.76;2.72;2.74;0
20120829;2.75;2.79;2.75;2.77;0
20120830;2.75;2.75;2.72;2.74;0
20120831;2.77;2.78;2.68;2.68;0
20120904;2.68;2.7;2.66;2.69;0
20120905;2.68;2.71;2.68;2.7;0
20120906;2.75;2.8;2.74;2.8;0
20120907;2.86;2.86;2.73;2.83;0
20120910;2.85;2.87;2.82;2.84;0
20120911;2.83;2.86;2.82;2.85;0
20120912;2.89;2.93;2.89;2.93;0
20120913;2.9;3.01;2.88;2.97;0
20120914;3.04;3.11;3.01;3.09;0
20120917;3.28;3.28;3.03;3.04;0
20120918;3;3.02;2.97;3.01;0
20120919;2.98;2.99;2.95;2.98;0
20120920;2.92;2.97;2.91;2.95;0
20120921;2.97;2.99;2.94;2.96;0
20120924;2.91;2.93;2.89;2.9;0
20120925;2.88;2.92;2.86;2.86;0
20120926;2.81;2.82;2.79;2.79;0
20120927;2.81;2.85;2.79;2.82;0
20120928;2.8;2.85;2.78;2.83;0
20121001;2.81;2.85;2.8;2.82;0
20121002;2.84;2.84;2.8;2.81;0
20121003;2.82;2.84;2.81;2.83;0
20121004;2.84;2.88;2.83;2.88;0
20121005;2.9;2.97;2.89;2.97;0
20121008;2.97;2.97;2.97;2.97;0
20121009;2.95;2.96;2.92;2.94;0
20121010;2.96;2.96;2.88;2.89;0
20121011;2.9;2.93;2.85;2.86;0
20121012;2.85;2.85;2.8;2.84;0
20121015;2.85;2.87;2.83;2.84;0
20121016;2.88;2.92;2.88;2.91;0
20121017;2.95;2.99;2.95;2.99;0
20121018;2.98;3.01;2.95;3.01;0
20121019;2.98;3.01;2.93;2.94;0
20121022;2.97;2.98;2.93;2.95;0
20121023;2.92;2.92;2.89;2.92;0
20121024;2.93;2.94;2.91;2.93;0
20121025;2.99;3;2.95;2.98;0
20121026;2.94;2.96;2.91;2.92;0
20121031;2.9;2.91;2.85;2.85;0
20121101;2.88;2.91;2.88;2.9;0
20121102;2.91;2.96;2.9;2.92;0
20121105;2.88;2.88;2.86;2.87;0
20121106;2.89;2.93;2.88;2.92;0
20121107;2.84;2.84;2.81;2.82;0
20121108;2.84;2.86;2.76;2.77;0
20121109;2.73;2.78;2.73;2.75;0
20121112;2.74;2.74;2.74;2.74;0
20121113;2.74;2.75;2.71;2.72;0
20121114;2.75;2.77;2.72;2.73;0
20121115;2.75;2.75;2.7;2.72;0
20121116;2.72;2.74;2.7;2.72;0
20121119;2.76;2.78;2.76;2.76;0
20121120;2.77;2.81;2.76;2.81;0
20121121;2.83;2.84;2.82;2.83;0
20121123;2.82;2.84;2.81;2.83;0
20121126;2.8;2.81;2.77;2.8;0
20121127;2.8;2.82;2.78;2.79;0
20121128;2.76;2.79;2.75;2.78;0
20121129;2.82;2.82;2.78;2.8;0
20121130;2.78;2.81;2.77;2.79;0
20121203;2.83;2.85;2.8;2.81;0
20121204;2.81;2.81;2.77;2.78;0
20121205;2.78;2.79;2.76;2.78;0
20121206;2.77;2.77;2.74;2.77;0
20121207;2.77;2.83;2.76;2.81;0
20121210;2.8;2.82;2.79;2.8;0
20121211;2.83;2.85;2.83;2.84;0
20121212;2.84;2.9;2.83;2.9;0
20121213;2.9;2.93;2.88;2.9;0
20121214;2.9;2.9;2.86;2.87;0
20121217;2.87;2.93;2.87;2.93;0
20121218;2.96;3.04;2.94;3.01;0
20121219;3;3.01;2.95;2.98;0
20121220;2.98;3;2.95;2.98;0
20121221;2.94;2.94;2.92;2.92;0
20121224;2.93;2.95;2.93;2.94;0
20121226;2.95;2.95;2.92;2.93;0
20121227;2.95;2.95;2.87;2.88;0
20121228;2.88;2.89;2.87;2.88;0
20121231;2.87;2.96;2.87;2.95;0
20130102;3.04;3.06;3.03;3.05;0
20130103;3.05;3.12;3.05;3.11;0
20130104;3.16;3.18;3.1;3.11;0
20130107;3.1;3.12;3.09;3.1;0
20130108;3.09;3.09;3.06;3.07;0
20130109;3.07;3.08;3.05;3.05;0
20130110;3.09;3.1;3.06;3.08;0
20130111;3.07;3.11;3.05;3.05;0
20130114;3.02;3.05;3.01;3.04;0
20130115;3;3.02;2.99;3.02;0
20130116;3.03;3.03;2.99;3.02;0
20130117;3.04;3.09;3.04;3.07;0
20130118;3.06;3.06;3.03;3.03;0
20130122;3.05;3.06;3.02;3.02;0
20130123;3.03;3.03;3.01;3.03;0
20130124;3.01;3.07;3.01;3.04;0
20130125;3.11;3.14;3.09;3.13;0
20130128;3.13;3.18;3.13;3.15;0
20130129;3.14;3.18;3.13;3.17;0
20130130;3.19;3.22;3.16;3.2;0
20130131;3.17;3.2;3.16;3.17;0
20130201;3.19;3.22;3.13;3.21;0
20130204;3.2;3.2;3.15;3.18;0
20130205;3.2;3.22;3.2;3.22;0
20130206;3.19;3.21;3.17;3.18;0
20130207;3.19;3.19;3.15;3.16;0
20130208;3.15;3.21;3.15;3.17;0
20130211;3.17;3.18;3.15;3.15;0
20130212;3.18;3.2;3.17;3.19;0
20130213;3.22;3.24;3.21;3.22;0
20130214;3.21;3.23;3.17;3.18;0
20130215;3.16;3.21;3.16;3.18;0
20130219;3.18;3.2;3.16;3.2;0
20130220;3.22;3.24;3.19;3.21;0
20130221;3.18;3.18;3.15;3.17;0
20130222;3.17;3.18;3.15;3.15;0
20130225;3.17;3.2;3.07;3.09;0
20130226;3.05;3.09;3.03;3.08;0
20130227;3.05;3.1;3.04;3.1;0
20130228;3.08;3.12;3.07;3.09;0
20130301;3.05;3.08;3.05;3.07;0
20130304;3.05;3.09;3.05;3.09;0
20130305;3.11;3.12;3.09;3.1;0
