20090202;432.4;432.4;415.76;417;308571
20090203;416.56;416.56;397.24;397.48;177709
20090204;393;401.56;388;398.96;156854
20090205;406.4;415.16;392.6;396.52;243819
20090206;396;396.08;380.24;390.8;153240
20090209;393.32;401.28;391.48;397.32;125500
20090210;404;422.64;395.12;418.4;256612
20090211;416.2;419.32;408.4;412.28;85902
20090212;421;432;411.04;411.04;102084
20090213;412.96;412.96;404;407.96;109220
20090217;428;443.12;424;428.36;88579
20090218;420;438.72;420;432.88;79365
20090219;432.12;436.2;421.96;433.12;49870
20090220;447.56;465.6;445.76;453.28;154215
20090223;444;478.08;444;477.52;95232
20090224;480;480;430.8;432.32;138643
20090225;437.08;452.16;420.56;429.8;166235
20090226;423.92;437.64;411.84;434.08;76973
20090227;454.84;454.84;423.84;434.68;109879
20090302;444.08;472.08;444.08;465.56;165881
20090303;452.2;474.2;452.2;463.6;151945
20090304;459.96;459.96;419.16;431.24;154131
20090305;442.4;459.96;434.04;457.2;186006
20090306;459.92;462.44;442.8;453.52;228262
20090309;454.2;458;441.04;455.28;132140
20090310;452;452;418.64;421.36;177582
20090311;416;424.8;408.64;418.24;336384
20090312;417.4;422.8;407.72;410.96;484876
20090313;408.8;421.96;407.88;417;511830
20090316;416;432.08;414.44;431.68;531234
20090317;435.92;437.2;415.88;416.72;541789
20090318;420.4;424.44;408.4;417.76;704719
20090319;419.6;437.36;408;437.36;576945
20090320;434.08;467.44;434;463.84;727241
20090323;452;459;433.24;434.48;674142
20090324;438.04;443.74;426.12;441.6;527404
20090325;432.2;446.56;420.6;434.56;664258
20090326;426.76;426.8;412.72;417.44;598230
20090327;417.88;429.64;417.88;429.24;474801
20090330;448;465.8;444.64;461.16;771309
20090331;457.6;459.92;445.2;452.84;601310
20090401;468.12;475.96;442.4;444.68;629421
20090402;432;443.84;425.96;437.4;791437
20090403;456.2;456.2;427.36;429.68;422615
20090406;433.56;439.36;431.4;432.08;551155
20090407;435.56;440;428.12;432.04;567158
20090408;423.04;433.16;422.4;423.12;458993
20090409;412;413;402.96;407.44;458018
20090413;410.08;414.06;399.84;401.48;302184
20090414;407.12;408.52;399.76;401.76;537484
20090415;404.08;404.08;391.44;392;338836
20090416;388;390.12;374.92;379.64;392016
20090417;379.96;386.4;370.24;370.92;503403
20090420;378.36;400.48;375.36;398.36;648232
20090421;401.64;404.28;382.44;384.28;299963
20090422;388.8;388.8;369.24;385.08;311940
20090423;383.64;390.4;379.44;383.32;333523
20090424;381.64;386.28;377.16;382.44;268182
20090427;383.96;395.08;383.16;393.28;396366
20090428;397.28;399.36;383.84;388.44;333964
20090429;387.24;387.24;365.2;372.08;290032
20090430;371.32;377.04;360.84;375.04;330197
20090501;374.24;379.72;367.2;370.24;140355
20090504;363.8;367.84;349.44;350.52;461412
20090505;351.44;358.36;351.44;353.52;329591
20090506;350.92;350.92;339.84;341.36;195613
20090507;338;350.24;333.88;346.28;265708
20090508;345.12;345.12;325.96;330.6;299007
20090511;334.6;342.76;330.16;333.56;280178
20090512;331.12;340.8;329.4;331.84;326446
20090513;344.16;344.92;335.12;342.12;333370
20090514;349.2;349.2;326.04;327.68;384650
20090515;326;337.56;321.04;333.72;209123
20090518;333.96;333.96;309.96;311.52;382293
20090519;307.68;314.04;300.88;305.48;244857
20090520;303.2;310.08;287.84;309.52;830438
20090521;313.96;333.84;310.64;326.8;1094140
20090522;325.8;335.24;320.08;335.24;430177
20090526;335.24;335.24;306.08;314.44;564506
20090527;313;324.76;304.6;323.36;471937
20090528;321.4;327.56;312.68;318.72;425592
20090529;311.32;320.04;310.92;311.72;222683
20090601;307.52;307.72;292.92;297.6;415608
20090602;299.84;304.76;290.88;301.64;301804
20090603;304.72;321.16;303.4;316.2;355437
20090604;314.88;316.76;307.16;310.12;265822
20090605;310.28;316.4;302.88;309.4;334400
20090608;312.16;320.04;306.04;310.96;236449
20090609;309.6;309.6;295.56;297.04;354522
20090610;292.88;310.04;292.08;300;432206
20090611;298.48;298.48;285.92;293.24;429650
20090612;295.64;296.36;287.08;287.6;287446
20090615;291.6;301;290.74;300.36;383129
20090616;302.08;314.88;296.68;311.2;590172
20090617;312.16;321.08;310.32;315.8;498331
20090618;315.16;318.76;307.76;312.76;416123
20090619;313.08;313.08;302;304.08;276191
20090622;311.88;319.76;306.92;316.24;382197
20090623;315.48;319.56;308.68;308.8;501973
20090624;308.76;308.76;295.13;297.68;464597
20090625;301.52;301.52;281.96;283.64;694702
20090626;286.6;287.68;277.08;279.2;403835
20090629;279.76;281.16;267.12;267.84;643899
20090630;267.96;276.12;263.48;272.44;926085
20090701;269.4;271.68;264.32;271.36;590726
20090702;275.48;286.72;275.16;286.32;1034185
20090706;289.88;292.32;282.32;282.68;406878
20090707;286.44;293.8;283.24;291.36;323222
20090708;293.96;309.2;289.92;297.6;723057
20090709;294;296.72;287.6;292.72;511483
20090710;294.36;298.92;291.44;292.6;391111
20090713;293.92;294.88;279.6;282.8;829000
20090714;280.96;283.16;274.72;276.56;627791
20090715;270.96;272.92;263.96;269.72;1537844
20090716;271.48;271.56;263.68;265.24;1125375
20090717;266;266.76;263;265.32;630467
20090720;263.96;266.32;259.12;260.16;875870
20090721;257.96;261.48;255.56;256.4;962241
20090722;259.16;260.12;243.16;245.52;1794841
20090723;246.56;246.96;237.32;238.48;1540442
20090724;240.08;241.56;237.32;237.48;613350
20090727;240.92;242.72;237.44;240;739325
20090728;243.96;251.88;240.08;250.2;1316654
20090729;251.28;255.72;248.2;252.88;591656
20090730;248.76;249.4;243.12;246.4;549850
20090731;247.52;248.4;243.04;247.88;491223
20090803;245.36;247.12;241.88;243.48;644612
20090804;245.32;246.36;240.08;240.8;612399
20090805;242.08;244.52;239.24;239.8;731013
20090806;239.96;244.76;236.32;242.96;788586
20090807;240.16;243;230.04;233.08;710249
20090810;235.2;238.6;233.08;233.4;494836
20090811;235.92;246.08;235.52;240;848175
20090812;240.56;241.28;232.2;234.44;648014
20090813;234.56;237.92;228.56;229.04;887635
20090814;229.92;238.16;229.92;235.48;589776
20090817;241.84;249.32;241.52;248.28;1061855
20090818;247.52;248.56;241.76;243.4;706470
20090819;246.76;247.92;233.28;235.56;1087443
20090820;234.76;235.52;229.88;231.16;536156
20090821;229;229.32;225.8;226.96;1182589
20090824;226.24;228.96;224.28;227.84;706061
20090825;227.4;234.48;225.4;233.04;945890
20090826;232;236.28;230.86;235.8;1151070
20090827;235.84;239;229.6;230.04;901866
20090828;227;234.16;226.65;234.04;739126
20090831;236.36;239.88;236;236.68;587700
20090901;239.08;249.88;233.73;249.44;1436927
20090902;250.16;250.96;247;250.76;782316
20090903;250.08;250.44;238.16;238.84;911999
20090904;240.16;240.4;232;232.04;974756
20090908;230.04;230.16;224;224.28;1303752
20090909;223.96;224.8;216.8;217.04;1299649
20090910;216.68;218.08;208.04;208.44;1749948
20090911;207.68;212.32;204.64;211.16;1716032
20090914;212;214.48;204.76;205.16;1036172
20090915;205.4;207.8;203.12;204;1156359
20090916;204;204.72;196.44;198.08;1793052
20090917;197.52;201.04;195.6;199.04;1865501
20090918;198.8;203.88;197.08;202.8;1044363
20090921;205.68;207;202.12;202.84;1599530
20090922;200.36;201.4;196;198.2;832174
20090923;198.04;201;190.4;200.96;2013694
20090924;199.96;207.88;198.48;203.44;1588978
20090925;205.2;207.64;201.68;203.76;1086535
20090928;203.8;203.8;196.6;196.96;772137
20090929;197.36;198.48;194.52;195.8;853238
20090930;196;202.2;194.8;199.96;1131348
20091001;201.44;209.44;200.8;209.4;1242918
20091002;212.72;214.12;205.2;208.92;1321683
20091005;209.16;209.48;199.72;201.4;804425
20091006;199.44;200;191.64;194.32;1515331
20091007;196.04;196.2;192.96;193.36;483707
20091008;191.68;193.4;190.4;192.32;1404733
20091009;193.24;193.36;188.84;189.28;925477
20091012;187.96;188.36;181.8;182.81;1256197
20091013;183.88;189.16;182.08;182.88;830512
20091014;179.92;180.8;176.6;178.04;1477443
20091015;180.4;180.8;174.72;174.8;755734
20091016;176.8;180.56;175.8;178.44;784823
20091019;177.72;177.96;172.48;173.64;953060
20091020;173.44;175.72;171.32;172.8;1161696
20091021;174.36;176.32;168;176.04;3010968
20091022;175.36;177.8;167.92;168.32;1741010
20091023;166.6;170.96;164.64;169.28;1656826
20091026;167.88;176.2;164.8;174.8;1414242
20091027;174.6;176.52;171.44;172.72;1614513
20091028;173.92;184.8;173.4;184.68;1785457
20091029;180.08;181.48;174.76;175.28;1303598
20091030;177.56;196;175.32;192.88;3074667
20091102;190.2;199.64;185.16;194.84;2404909
20091103;197.92;199.12;192;195.04;2267537
20091104;190.2;194.96;187;193.44;1526420
20091105;189.64;191.6;183.04;183.56;1413470
20091106;187.48;187.64;178.2;178.52;1413412
20091109;175.16;175.16;167.4;167.84;1816663
20091110;169.04;170.04;165;169.88;1512059
20091111;167;171.88;164.48;169.76;1221806
20091112;171.48;177.12;169.16;174.96;1472536
20091113;176;179.6;172.32;174;1242636
20091116;171.88;172.72;168.72;171.22;1401280
20091117;173.6;174;167.29;168.8;1343506
20091118;169.52;170.36;165;165.32;1319494
20091119;167.68;173;166.8;169.44;1956474
20091120;171.4;171.84;163.39;164.96;1972333
20091123;160.9;161.76;154.6;155.2;2784973
20091124;155.36;158.88;153.48;153.64;1523849
20091125;152.36;154.6;150.08;150.96;2128646
20091127;168.24;168.6;156;160.48;2385560
20091130;159.48;163.48;158.64;161.12;1780271
20091201;158.4;158.88;154;155.16;1098848
20091202;154.96;156.36;152.04;154.36;1643617
20091203;153.56;157.87;151.6;157.56;1465712
20091204;151.64;156.8;150.44;153.76;2545371
20091207;154.84;155.6;151.68;152.48;1634639
20091208;155.6;158.4;154.4;156.72;1705104
20091209;157.56;158.24;155.12;155.8;1087880
20091210;154;154.72;152.48;153.16;739890
20091211;152.8;154;151.24;152.38;1630404
20091214;151.2;152.72;149.2;149.6;1157620
20091215;151.4;151.4;146.8;147.28;1440455
20091216;146.64;147.52;140.84;141.52;2034314
20091217;144;144.76;142.32;143.4;1506744
20091218;142.12;143.56;140.52;140.96;803316
20091221;140.4;140.8;136.44;136.52;1808430
20091222;135.28;135.8;132.8;133.44;1818322
20091223;132.32;133.08;130.4;131.52;1095378
20091224;131.48;131.52;128.64;130.4;357997
20091228;130.4;131.8;128.68;130.44;1386094
20091229;130.4;130.4;128.16;130.4;1515080
20091230;131.24;133.48;130;132.72;3909570
20091231;132.48;136.36;131.12;136.28;3671944
20100104;132.88;132.96;130.56;130.84;3617916
20100105;131.04;131.2;128.12;128.36;3233085
20100106;128;128.4;124.04;124.8;4494876
20100107;124.8;125.28;121.28;121.28;4116389
20100108;122.4;122.6;118;118.08;3688118
20100111;117.2;118.2;115.64;115.92;4042841
20100112;118.68;122.48;117.36;119.56;6174060
20100113;119.2;121.52;116.28;117.88;4397497
20100114;118.32;119;114.4;115;4685923
20100115;116.04;120.16;115.12;118.04;7060792
20100119;118.6;118.68;110.8;111.28;5941390
20100120;113.76;117.04;111.08;111.24;7463839
20100121;111.2;117.92;109.16;117.28;11460456
20100122;119;129;117.16;127.56;11621180
20100125;123.64;128.16;122.6;126.36;6695780
20100126;127.88;128.08;122.16;126.88;7482942
20100127;127.12;130.96;124;124;8629643
20100128;122.4;127.92;122;124.08;6973968
20100129;122.08;128.72;120.48;126.56;6812976
20100201;124.16;124.24;120.24;120.64;3961678
20100202;119.6;120;115.24;116.08;9554059
20100203;117.56;117.6;114.4;116.52;3766623
20100204;119;129.64;119;129.44;9429795
20100205;127.68;137.76;125.72;130.6;15514411
20100208;130.64;133.76;128.44;133.24;5638991
20100209;130.16;133.15;126.64;129.2;6508897
20100210;129.72;133.88;127.52;128.36;6435222
20100211;129.6;132.32;124.56;125.6;4865088
20100212;131;132;125.28;125.72;4178354
20100216;123;123.24;118.52;119.28;5255951
20100217;118.28;118.64;115.76;115.76;4795079
20100218;116.8;116.8;110.48;111.36;6797486
20100219;112.96;112.96;108;108.2;5826763
20100222;107.08;109.88;105.68;107.28;6374403
20100223;107.96;112.28;106.68;109.12;8101585
20100224;108.76;109.48;106.4;107.2;4623255
20100225;110.52;112.88;106.96;106.96;6933847
20100226;106.6;107.76;104.4;105.16;4657962
20100301;104;104.08;102;102.56;4762770
20100302;101.68;102.48;100.44;101.4;5469355
20100303;100.96;101.72;99.72;101;8074275
20100304;101.08;101.68;99.71;100.04;3836874
20100305;99.28;100;95.08;96.04;8977281
20100308;95.88;95.88;92.88;94.2;12594194
20100309;95.52;96.76;93.24;95.16;7680355
20100310;94.88;95.6;92.72;95.56;6354872
20100311;96.32;97.84;95.8;96.32;6468742
20100312;95;97.2;94.36;95.4;4846013
20100315;96.04;97.24;95.08;95.6;4393716
20100316;95.32;95.32;92.08;92.68;6739335
20100317;92;92.28;88.36;89.56;11004067
20100318;89.52;89.6;87.88;88.32;8896900
20100319;88.04;90.84;87.12;89.37;10021699
20100322;91.48;91.92;87.44;87.72;8679547
20100323;87.48;88.52;85.96;86.04;7655949
20100324;87.48;89.32;86.84;88.24;8890482
20100325;87;89.28;85.08;89.24;10031330
20100326;88.88;89.92;87.2;87.96;9140907
20100329;87.04;87.66;85.96;86.32;5104710
20100330;87;87.32;85.08;85.16;7014438
20100331;86.2;86.4;84.04;84.04;8615044
20100401;82.96;85;81.04;84.08;9690659
20100405;82.96;83.68;80.76;80.88;6542517
20100406;81.52;82;78;78.28;7689451
20100407;78.8;80.92;77.88;80;10792739
20100408;80.52;82.6;78.56;78.88;10739047
20100409;78.48;79.12;77.8;78.2;8263222
20100412;78.04;78.44;77.08;78;8972996
20100413;78.32;80;77.72;78.8;11614204
20100414;77.68;77.92;76.24;76.6;13429719
20100415;76.72;77.12;74.96;76.24;10783931
20100416;77.08;83.12;76.5;79.88;22333334
20100419;81;81.84;77.24;77.56;15237984
20100420;76.52;77.04;72.88;73.08;17335412
20100421;73.64;75.8;71.36;74.36;14937263
20100422;75.96;77.6;73.52;73.76;15299400
20100423;73.8;74.76;72.6;73.48;8558306
20100426;73.64;74.96;72.8;74.64;9701026
20100427;75.92;82.4;74.72;81.99;29103368
20100428;80.36;83.8;79.4;81.56;20506978
20100429;80;80.36;77.16;78.32;12855994
20100430;78.64;84.88;77.92;84.84;17179786
20100503;83.04;83.12;80.68;81.32;14602826
20100504;84.32;90.84;84.08;89.48;29647528
20100505;93.92;97.44;89.72;93.35;33195537
20100506;96.04;126.16;93.32;104.5;45784199
20100507;107.24;125.08;106;117;61959856
20100510;98.32;103.6;94.08;100.32;41537361
20100511;105.64;106.4;98.32;102.52;35732636
20100512;100.44;100.8;95.72;96.3;21944769
20100513;97.44;99.6;94.6;98.9;21748514
20100514;102.6;112;101.52;107.44;47019700
20100517;106.24;116;105.8;109.92;36945857
20100518;104.96;117.2;102;116.52;42244089
20100519;119.24;125;114.8;119.4;56797973
20100520;128.44;140;128;136.28;79155134
20100521;142.96;144.88;128.72;133.24;55213107
20100524;133.6;135.28;128;132.48;32271814
20100525;143.92;144.4;126.6;126.64;45242565
20100526;121.2;125.28;116;124.12;38411984
20100527;116;117.32;112.96;113.32;28434327
20100528;112.32;117.16;112.2;114.32;34001872
20100601;119.76;120.8;114.88;120.76;29315549
20100602;120.2;121.76;115.2;115.48;25520241
20100603;114;116.2;112.28;113.6;21044830
20100604;121.52;126;117.72;125.16;33526027
20100607;122.44;129.84;121.8;129.08;30401350
20100608;127.6;131.4;124.4;124.56;38599239
20100609;122.52;126.4;118.2;124.72;22934269
20100610;120.36;121.44;117.68;118.28;21756018
20100611;120.44;120.68;115;115.41;17268739
20100614;112.08;113.8;109.56;113.72;21258901
20100615;111.88;112;106.64;106.8;18446737
20100616;108;108.08;104.24;105.06;17369458
20100617;103.72;106.96;102;102.08;20307137
20100618;102.2;103;98.56;100.28;14955484
20100621;96.76;102.72;96.12;101.92;17456291
20100622;101.64;106.8;101.08;105.96;20973061
20100623;105.92;110.99;104.8;106.84;24332850
20100624;108.68;114.96;107.56;113.4;24658892
20100625;112.4;115;110.56;110.88;19459136
20100628;110.16;113.8;109.76;112.72;12956244
20100629;119.08;125.36;118.4;123.16;35601899
20100630;123.24;125.96;118.52;124.8;25451114
20100701;123.72;131.76;122.64;123.6;38392730
20100702;121.56;123.4;118.8;119.96;23544703
20100706;113.8;118;110.52;114.8;24497407
20100707;113.32;113.56;107.08;107.6;24011079
20100708;104.84;107.08;103.6;104.96;20259682
20100709;105.32;105.92;102.08;102.2;14161083
20100712;102.68;103.88;100.12;100.96;17868066
20100713;99.12;100;97.48;100;19910041
20100714;101.16;105.2;101;103.72;19227200
20100715;103.92;109;102.32;102.8;23779293
20100716;105.84;111.4;104.36;109.48;24029617
20100719;108.16;109.24;105.4;106.12;21343833
20100720;109.76;110.04;100.2;100.68;21983467
20100721;99.56;103.96;98.4;101.6;24982201
20100722;99.48;99.52;94.68;96.28;22092832
20100723;96.8;98.16;94;94.6;23361662
20100726;94.6;95.04;90.68;91.28;15758634
20100727;89.12;92.24;88.68;90.56;19998626
20100728;93;93.56;90.44;91.48;21058151
20100729;90.16;93.92;88.4;91.32;22571266
20100730;94.2;94.76;89.68;90.28;24988209
20100802;87.96;88.4;84.88;84.92;19075155
20100803;85.84;87.64;85.2;86.12;13912873
20100804;85.56;86.52;84.6;86.16;16279089
20100805;87.08;87.4;85.44;86.4;17476330
20100806;88.48;90;85.6;85.6;26945304
20100809;85.04;86;84.04;84.32;12110125
20100810;86.88;87.64;84.04;85.2;24744574
20100811;88.8;91.4;88.68;91.36;28162849
20100812;94.52;95.2;91.52;92.6;23281836
20100813;93.48;95.56;92.52;95.12;20986602
20100816;96.16;96.4;93.12;94.44;16872930
20100817;91.36;92.04;89.72;90.68;16867913
20100818;90.36;91.08;88.2;88.88;18595157
20100819;89.8;94.08;88.8;92.8;26509836
20100820;93.48;94.36;91.08;91.36;19040874
20100823;90.2;90.52;88.6;90.24;22176954
20100824;93.32;95.92;91.48;93;29208542
20100825;94.8;95.48;90.12;90.69;26041281
20100826;89.56;92.96;88.68;91.6;24735190
20100827;90;92.92;86;86;28052703
20100830;86.32;88.96;85.04;88.72;15815111
20100831;89;90.16;86.76;87.84;26658164
20100901;84.84;85.52;82.2;82.52;27588833
20100902;82.04;82.52;80.04;80.2;17373407
20100903;77.76;78.36;76.2;76.32;28224739
20100907;78.04;79.12;76.88;78.4;21179740
20100908;77.92;78.24;76.4;77;14819258
20100909;75.04;75.76;74.12;75.76;22695514
20100910;75.16;75.56;74;74.16;18580216
20100913;72.52;72.6;70.08;70.32;28966703
20100914;70.84;71.36;69.52;70.28;24402005
20100915;71.16;71.6;68.92;69.24;23520313
20100916;69.6;70.72;69.04;69.52;22090856
20100917;68.8;70.08;68.44;68.64;28622801
20100920;68.12;68.68;66.76;66.92;23530977
20100921;66.88;67.72;65.8;67.16;36922105
20100922;67.72;68.88;66.32;68.24;28095920
20100923;70.04;70.88;68.4;70.48;27608433
20100924;68.56;68.56;66.44;66.52;24278494
20100927;66.44;67.04;65.76;67;18041181
20100928;66.52;68.76;66.16;66.4;27067381
20100929;67.32;68.16;66.56;67.72;24847954
20100930;67.08;70;66.4;69.16;33186279
20101001;67.92;69.64;67.92;68.16;21570180
20101004;68.72;69.96;67.96;69.48;21716902
20101005;67.92;68.28;65.28;65.74;32983001
20101006;65.36;66.28;64.8;64.96;24736133
20101007;64.48;66.16;64;64.56;22837356
20101008;64.84;64.88;61.52;61.6;32794874
20101011;61.28;61.36;60.24;60.44;19891344
20101012;61.16;62;57.76;58;41980575
20101013;57.08;57.72;56;56.8;35550076
20101014;57.32;60.08;57.08;58.8;36905430
20101015;57.76;60.64;57.6;57.66;32277079
20101018;58.28;58.92;55.36;56.12;23798511
20101019;57.96;58.96;56.44;57.92;50587753
20101020;57.68;58.04;54.68;55;33669434
20101021;54.24;55.52;53.04;53.72;45548728
20101022;53.16;53.36;51.28;51.32;33780582
20101025;50.08;51.16;49.4;50.6;30846442
20101026;51.56;52.08;50.88;51.68;23775848
20101027;52.72;54.68;52.16;52.44;33222415
20101028;51.6;53.36;51.24;52.21;23973184
20101029;52.36;53.2;52.16;52.4;19541616
20101101;52.4;53.64;51.2;52.88;28538204
20101102;51.96;52.08;51.24;51.44;23578757
20101103;51.48;52.28;47.92;48.28;49985589
20101104;46.44;46.52;44.92;45.04;45499981
20101105;44.2;45.12;44.04;44.56;33293409
20101108;45.4;46.44;44.96;45.17;22289008
20101109;44.35;46.29;44;45.39;11940301
20101110;45.23;46.88;44.52;44.6;13793660
20101111;45.85;46.52;45.14;45.43;10913708
20101112;46.31;48.4;45.37;47.6;18696979
20101115;47.16;47.39;45.6;47.24;10548431
20101116;47.89;50.63;47.88;49.34;20594805
20101117;49.08;49.16;47.13;48.08;13195296
20101118;46.51;46.51;44.93;45.33;11528264
20101119;45.64;46.75;44.41;44.45;9336375
20101122;44.88;45.5;42.91;42.92;14892305
20101123;44.76;45.83;44.36;44.87;20802483
20101124;43.73;43.89;43.01;43.16;7977175
20101126;44.09;45.76;43.44;45.76;8283865
20101129;46.01;48;45.52;46.1;12696947
20101130;47.68;49.29;47.12;49.29;16380823
20101201;46.99;47.09;45.98;46.95;12712103
20101202;46.25;46.34;43.26;43.31;14944685
20101203;43.89;43.91;41.11;41.3;11367143
20101206;41.39;41.65;40.26;40.55;7649667
20101207;39.14;40.19;38.75;40.15;11419460
20101208;39.99;40.73;38.81;39.05;10698456
20101209;38.15;39.21;38.04;38.54;11954196
20101210;37.96;38.5;37.73;38.13;8250952
20101213;37.63;38.91;37.59;38.69;9336035
20101214;38.47;39.3;38.34;38.9;8124994
20101215;39.2;39.97;38.33;39.79;12616063
20101216;39.6;40.1;38.97;39.01;11643246
20101217;38.97;39.27;38.1;38.32;9008602
20101220;37.76;38.4;37.24;37.47;8916502
20101221;36.88;37.05;36.57;36.82;6889496
20101222;36.48;36.8;36.31;36.62;6760100
20101223;36.59;38.36;36.59;37.8;9351981
20101227;38.11;38.97;38.11;38.46;6062780
20101228;38.28;39.21;38.28;38.93;4605270
20101229;38.63;38.8;38.27;38.4;5470039
20101230;38.53;38.6;37.84;37.92;8581374
20101231;38.1;38.43;37.52;37.61;5879458
20110103;36.89;36.91;36.07;36.49;7182922
20110104;36.43;37.63;36.22;36.33;11908828
20110105;36.93;37.05;35.58;35.83;9744366
20110106;35.64;36.33;35.37;35.93;12034480
20110107;35.61;36.99;35.05;36.05;17483646
20110110;36.55;37.33;35.78;36;10669380
20110111;35.44;35.73;34.85;34.94;13241138
20110112;34.16;34.32;33.28;33.43;16012498
20110113;33.27;33.72;32.93;32.99;15325904
20110114;33.12;33.22;31.25;31.57;19770135
20110118;31.59;31.64;30.49;30.56;14859560
20110119;30.8;32.88;30.68;32.18;25111098
20110120;32.34;33.21;31.75;31.85;23605222
20110121;31.04;32.56;30.91;32.23;17272662
20110124;32.3;32.5;31.36;31.58;13657774
20110125;31.84;32.41;31.14;31.19;19517172
20110126;30.82;31.12;29.93;30.24;16154358
20110127;30.12;30.42;29.51;29.61;14489017
20110128;29.48;32.57;29.08;32.1;36575380
20110131;31.64;32.36;31.49;32.03;17588670
20110201;31.2;31.35;30.11;30.48;15538389
20110202;30.72;30.79;29.9;30.34;16302076
20110203;30.5;31.25;29.84;29.95;15105270
20110204;29.85;30.15;29.14;29.21;17907417
20110207;28.9;28.92;28.39;28.77;15268510
20110208;28.62;29.19;28.25;28.42;13997506
20110209;28.69;29.11;28.35;28.51;18602971
20110210;29.14;29.25;28.3;28.51;17776585
20110211;28.75;28.8;27.93;28.02;14833855
20110214;28;28.18;27.7;27.73;10014328
20110215;27.96;28.17;27.79;28.11;14051926
20110216;27.71;28.48;27.45;28.46;18510787
20110217;28.6;28.96;28.51;28.79;12935603
20110218;28.62;29.34;28.59;29.03;13243442
20110222;30.77;32.86;30.1;32.55;36524355
20110223;32.64;35.18;32.28;34.01;42844167
20110224;34.07;35.03;33.36;33.68;29207094
20110225;32.7;32.75;31.47;31.51;19288334
20110228;30.74;30.84;29.97;30.18;17432489
20110301;29.89;32.5;29.82;32.45;30263589
20110302;32.49;32.95;31.45;32.53;28823188
20110303;31.1;31.46;30.81;30.88;23554140
20110304;30.79;32.34;30.58;31.66;31333648
20110307;31.28;33.53;30.9;32.49;33668778
20110308;32.45;33.3;31.57;31.81;24612657
20110309;32.09;33.19;31.99;32.25;25845227
20110310;33.43;34.17;33.08;33.92;34569779
20110311;34.54;34.6;32.76;33.01;25605872
20110314;34.05;34.34;33.21;33.33;26450431
20110315;37.04;37.05;34.13;34.74;41908116
20110316;35.09;39.14;34.77;37.63;60181323
20110317;35.64;36.82;35.37;36.48;36777524
20110318;34.88;35.92;34.77;35.36;24156970
20110321;33.85;33.97;32.55;32.67;21917935
20110322;32.27;32.86;32.1;32.5;15963373
20110323;32.76;33.33;31.12;31.26;23260358
20110324;30.34;30.95;30.1;30.41;19907756
20110325;30.02;30.46;29.6;30.37;20642934
20110328;30.12;30.8;29.79;30.77;12777315
20110329;30.68;31.22;29.99;29.99;14867875
20110330;29.57;29.81;29.23;29.45;15413447
20110331;29.7;29.83;29.27;29.37;14196283
20110401;28.72;29.43;28.46;29.09;17277646
20110404;28.82;29.26;28.62;28.8;12607068
20110405;29.04;29.09;28.17;28.29;17378135
20110406;28.02;28.68;27.86;28.18;15434889
20110407;28.25;29.02;28.09;28.38;20271613
20110408;28.08;29.3;27.89;28.92;21172421
20110411;28.7;29.05;28.31;28.65;17469143
20110412;29.23;29.52;28.66;28.92;25543319
20110413;28.49;29.08;28.36;28.43;17395794
20110414;29.01;29.17;28.02;28.19;17159568
20110415;27.97;28.32;27.4;27.55;22422726
20110418;28.77;29.31;28.01;28.13;32219473
20110419;27.81;27.87;26.7;26.77;22700004
20110420;25.74;25.85;25.44;25.65;17535115
20110421;25.13;25.57;24.86;24.88;15330586
20110425;24.76;24.96;24.25;24.31;11236007
20110426;24.02;24.18;23.45;23.78;18940272
20110427;23.81;24.75;23.41;23.43;24223487
20110428;23.72;23.74;23.02;23.15;14103154
20110429;23.15;23.39;23.11;23.16;12375833
20110502;22.95;24.08;22.95;23.88;18245509
20110503;23.95;24.95;23.95;24.37;21325891
20110504;24.42;25.48;24.35;24.65;29156638
20110505;25.5;25.6;24.36;25.35;34953777
20110506;24.19;25.58;23.75;24.84;30797620
20110509;24.87;24.92;23.91;23.99;16473273
20110510;23.74;23.91;23.05;23.16;18275676
20110511;23.18;24.27;23.17;23.56;21750897
20110512;23.98;24.32;23.1;23.33;20307580
20110513;23.17;24;23.14;23.63;21110845
20110516;23.86;24.17;23.14;24.17;23771451
20110517;24.44;24.78;23.61;23.69;26829118
20110518;23.6;23.88;22.92;23.05;19261509
20110519;22.74;23.06;22.46;22.54;22709763
20110520;22.55;23.24;22.22;22.76;31250286
20110523;23.9;24.04;23.2;23.51;26003366
20110524;23.26;23.49;22.96;23.47;17305159
20110525;23.47;23.51;22.58;22.8;17103781
20110526;22.89;23.06;22.25;22.29;20511801
20110527;21.98;22.05;21.61;21.94;16505488
20110531;21.15;21.56;21.1;21.29;17632955
20110601;21.45;22.66;21.35;22.63;31321514
20110602;22.28;23.07;22.1;22.35;29252961
20110603;23.31;23.32;22.08;22.37;27576753
20110606;22.35;23.02;22.07;22.75;23688159
20110607;22.31;22.49;21.9;22.48;22168658
20110608;22.5;22.94;22.24;22.83;27574151
20110609;22.48;22.55;21.93;22.11;16586523
20110610;22.23;23.11;22.15;22.86;35219094
20110613;22.79;23.73;22.52;23.24;27617392
20110614;22.61;22.63;22.25;22.52;19940314
20110615;23.33;24.54;23.15;24.43;50452728
20110616;24.9;26.89;24.5;25.74;60181714
20110617;24.92;25.88;24.64;25.24;39280964
20110620;25.45;25.6;24.08;24.12;28067047
20110621;23.41;23.56;22.75;23.32;30942831
20110622;23.09;23.62;22.61;23.55;28204924
20110623;24.89;25.21;23.51;23.55;46849031
20110624;23.37;24.64;23.23;24.53;29187955
20110627;24.56;24.89;24;24.17;23153032
20110628;23.83;24.02;23.15;23.19;21430341
20110629;22.58;22.8;21.99;22.03;34186179
20110630;21.61;21.67;20.9;21.14;30407402
20110701;20.98;21.08;20.14;20.29;27220687
20110705;20.24;20.5;20.08;20.36;19201023
20110706;20.61;21.01;20.42;20.68;22003585
20110707;19.97;20.16;19.88;20.11;18646157
20110708;20.85;20.86;20.33;20.35;26886198
20110711;21.36;22.12;21.09;22.02;36674040
20110712;22.49;22.6;21.56;22.57;36062128
20110713;22.1;22.83;21.47;22.57;32100809
20110714;22.3;23.96;22.29;23.38;50976305
20110715;23.13;23.99;22.82;23.16;36828740
20110718;23.63;24.12;23.55;23.64;35893275
20110719;23.16;23.22;22.41;22.52;27140320
20110720;22.07;22.52;21.95;22.04;21582696
20110721;21.46;21.61;20.83;20.88;31015972
20110722;20.7;21.09;20.54;20.73;20639768
20110725;21.4;21.59;21.06;21.52;20780212
20110726;21.62;22.17;21.53;22;23979894
20110727;22.41;23.44;22.39;23.3;43532367
20110728;23.44;24.02;22.64;23.84;36931728
20110729;24.62;24.98;23.27;23.41;50163113
20110801;22.16;23.93;22.05;22.41;46979211
20110802;23.16;23.99;22.6;23.97;43341626
20110803;24.06;25.2;23.66;24.08;56282570
20110804;25.04;28.9;24.86;28.89;95341460
20110805;27.66;33.25;27.2;30.31;119918317
20110808;33.08;35.63;31.89;34.78;143003432
20110809;33.45;36.08;31.24;31.26;121793414
20110810;32.67;35.44;32.28;35.17;50858504
20110811;34.58;35.53;32.86;33.78;83583956
20110812;32.67;34.23;32.22;34.13;57485362
20110815;33.05;33.55;32.12;32.18;43404460
20110816;32.92;34;32.28;32.87;55973005
20110817;32.39;33.9;32.09;33.53;42005195
20110818;36.66;41.37;36.55;40.47;102205184
20110819;43.03;43.11;39.92;42.55;74184909
20110822;40.13;44.43;38.85;43.86;58953182
20110823;43.73;44.74;41.52;41.77;58927795
20110824;41.73;42.15;39.64;40.9;43228094
20110825;39.78;42.74;39.25;41.73;48643449
20110826;43.25;44.1;40.32;41.07;59569750
20110829;39.49;39.68;38.48;38.5;26465800
20110830;39.18;39.97;38.38;38.9;33305365
20110831;38.5;39.44;37.78;38.96;38029169
20110901;38.89;39.53;37.84;39.49;35778625
20110902;41.4;41.9;40.81;41.48;34606396
20110906;45.3;45.33;42.61;42.72;40482623
20110907;41.43;41.92;41.02;41.19;22508931
20110908;41.78;42.14;40.45;41.86;30751859
20110909;43.12;46.38;42.84;45.83;48272505
20110912;47.96;49.15;46.03;46.25;46922244
20110913;45.95;47.29;45.65;45.85;40378432
20110914;45.25;46.96;43.59;44.6;37601903
20110915;43.59;44.04;42.34;42.38;27359849
20110916;42.06;43.03;41.35;41.55;29431655
20110919;43.49;44.33;42.44;42.94;32113385
20110920;42.55;43.09;41.38;42.88;31890383
20110921;42.67;45.24;42.12;45.21;29651444
20110922;49.13;51.36;47.83;49.84;62640358
20110923;50.22;51.12;49.2;50.34;35933544
20110926;49.43;51.3;48.47;48.6;33721723
20110927;46.46;48.13;45.55;47.64;28924508
20110928;47.17;50.81;46.65;50.73;28516911
20110929;49.07;52.25;48.5;49.86;32147174
20110930;51.77;53.59;50.79;53.37;32404717
20111003;54.51;56.97;53.14;56.84;42609464
20111004;58.26;59.18;52.52;52.85;48487667
20111005;52.16;53.13;50.07;50.26;30522170
20111006;50.42;51.4;49.36;49.38;22273280
20111007;48.48;51.19;48.44;50.22;32603606
20111010;48.25;48.33;46.6;46.61;16121940
20111011;47.2;47.26;45.77;46.04;17080389
20111012;44.49;44.66;42.16;42.97;25646197
20111013;43.41;44.76;42.79;42.88;21267215
20111014;41.13;42.11;40.32;40.46;18115215
20111017;40.63;44.91;40.57;44.66;25412597
20111018;44.7;46.32;41.45;43;31778634
20111019;42.73;46.73;42.3;45.87;22518104
20111020;46.25;48.25;45.68;46.32;31298890
20111021;44.57;45.35;43.7;43.79;18863428
20111024;43.32;43.32;41;41.17;16305888
20111025;41.62;44.17;41.59;43.8;24461013
20111026;42.16;45.3;41.83;42.03;22695065
20111027;37.73;38.72;36.09;36.45;18701265
20111028;37.22;37.54;35.94;36.26;10712188
20111031;37.86;40.11;37.55;40.11;19434324
20111101;46.16;47.24;44.26;45.92;44791047
20111102;44.3;46.08;44.02;44.5;23693214
20111103;43.26;46;42.19;42.31;24501630
20111104;43.44;44.8;42.47;43.25;19188927
20111107;43.41;44.59;42.75;42.82;17806096
20111108;42.24;43.5;40.75;40.82;21574157
20111109;43.92;48.8;43.44;48.52;35026686
20111110;45.6;48.19;45.27;45.48;30839944
20111111;43.74;43.88;42.96;43.54;15900163
20111114;44.17;45.42;44.06;44.62;18466124
20111115;45.44;45.82;43.66;44.13;23403779
20111116;45.53;46.62;43.85;46.29;26342768
20111117;46.63;49.43;46.15;48.44;36044750
20111118;47.16;48.5;46.82;46.89;25117509
20111121;49.28;49.51;47.11;47.54;27023569
20111122;47.78;48.21;46.34;46.42;24120738
20111123;47.53;48.64;47.22;48.6;21212120
20111125;48.73;49.35;47.7;49.2;9989653
20111128;45.87;47.33;45.44;46.82;16192679
20111129;46.37;46.97;45.43;45.88;16959889
20111130;42.85;43.19;41.64;41.81;15639487
20111201;41.97;42.12;40.54;40.82;14346300
20111202;39.71;40.87;39;40.79;17192498
20111205;38.95;41.17;38.91;40.69;17435435
20111206;40.66;40.97;40;40.54;11494752
20111207;41.05;42.74;41;41.73;16607974
20111208;43.03;44.05;42.56;43.71;18536138
20111209;43.07;43.21;40.54;40.61;16256752
20111212;41.46;42.32;40.8;40.82;14403166
20111213;39.97;41.45;39.07;40.61;21771653
20111214;40.62;41.66;40.01;40.77;18571464
20111215;39.27;39.75;38.68;39.14;14270690
20111216;37.9;39.49;37.85;39;15516794
20111219;38.59;38.93;37.75;38.59;15553732
20111220;36.83;36.89;36.13;36.22;12866623
20111221;35.85;36.39;33.74;33.76;17945791
20111222;33.03;34.23;32.36;33.83;13680931
20111223;33.51;34.96;33.33;34.69;8721280
20111227;34.56;34.72;34;34.39;5496025
20111228;34.21;35.98;34.15;35.88;10291147
20111229;35.54;35.59;34.9;34.98;6227203
20111230;34.92;35.6;34.77;35.53;5041761
20120103;33.91;34.13;33.4;33.67;9991348
20120104;34.12;34.49;32.94;33.01;11072967
20120105;33.45;33.81;32.2;32.25;10649984
20120106;32.03;32.64;31.4;31.76;14489606
20120109;31.47;31.75;31.06;31.3;9592663
20120110;30.31;30.82;30.01;30.64;13261692
20120111;30.92;31.24;30.77;31.16;11659967
20120112;30.96;32.15;30.64;30.66;15691557
20120113;31.34;32.46;31.33;31.49;21121588
20120117;30.48;31.48;29.98;31.22;16375305
20120118;31.06;31.43;30.06;30.15;15820357
20120119;29.65;30.07;29.23;29.31;17331986
20120120;29.45;29.63;28.34;28.42;17242679
20120123;28.38;28.58;27.5;27.72;22254378
20120124;28.39;28.5;27.67;27.82;17383511
20120125;27.82;28.18;26.54;26.65;25330007
20120126;26.1;27.05;25.99;26.64;21337311
20120127;27.03;27.07;25.97;26.07;16859930
20120130;27.02;27.25;26.5;26.86;18350049
20120131;26.31;27.13;26.13;26.86;17874899
20120201;26.25;26.5;25.75;26.13;17423330
20120202;25.69;25.82;25.3;25.33;18637777
20120203;24.28;24.56;23.95;23.99;24559699
20120206;24.21;24.28;23.7;23.72;16176529
20120207;23.8;24.25;23.68;23.95;19295565
20120208;23.92;24.63;23.8;24.48;22070760
20120209;24.59;25.72;24.4;25.67;28231677
20120210;27.03;29.46;26.77;27.87;48033592
20120213;26.36;26.76;25.72;25.76;32214354
20120214;26.11;28.16;26.09;26.52;45421158
20120215;26.76;28.24;26.74;28.02;46448990
20120216;28.7;29.21;26.84;26.94;42133643
20120217;26.49;27.28;26.26;26.59;27640463
20120221;26.24;26.95;26.2;26.56;31020358
20120222;26.73;26.81;25.76;25.81;39578750
20120223;25.84;26.1;23.95;24.13;35696604
20120224;23.81;25.19;23.63;25.05;37202526
20120227;25.94;26.06;24.49;25.31;34576266
20120228;25.58;25.63;24.86;24.96;26797569
20120229;24.54;25.17;24.07;24.52;44062043
20120301;24.39;24.55;23.92;24.14;33284641
20120302;24.07;24.49;23.88;24.28;27017974
20120305;24.42;24.7;24.05;24.19;31033707
20120306;25.73;26.25;25.22;26.03;51581443
20120307;25.67;25.86;24.69;24.73;28778155
20120308;24.12;24.26;23.65;23.8;29512503
20120309;23.46;23.52;22.84;23.34;36247939
20120312;23.01;23.07;22.19;22.27;36589767
20120313;21.61;21.85;21.07;21.25;52786784
20120314;21.09;22.49;21.02;21.94;54783424
20120315;22.17;22.45;21.59;21.62;37928126
20120316;21.48;21.83;21.38;21.56;37379827
20120319;21.43;21.51;20.1;20.25;59104381
20120320;20.73;20.88;19.31;19.32;49790765
20120321;18.93;19.2;18.14;18.36;56575853
20120322;19.19;19.51;18.35;18.58;61341339
20120323;18.45;18.77;17.22;17.3;67552649
20120326;16.63;16.65;15.57;15.67;55262156
20120327;15.93;17.25;15.84;17.2;48046112
20120328;17.19;18.85;16.91;17.33;74668678
20120329;18.41;18.41;17.07;17.24;56082613
20120330;16.54;17.23;16.5;16.78;44235952
20120402;16.9;16.98;16.19;16.79;35937393
20120403;16.71;17.59;16.57;17.1;45207126
20120404;17.95;18.35;17.31;17.48;53391442
20120405;17.93;18;17.39;17.86;39151112
20120409;18.93;19;18.25;18.98;40719278
20120410;19.08;20.55;18.81;20.5;77089020
20120411;19.49;20.14;19.25;20.04;48662576
20120412;19.75;19.86;18.2;18.31;53920397
20120413;18.24;19.32;18.22;19.29;54322055
20120416;18.6;19.63;18.41;18.99;50926517
20120417;18.32;18.4;17.72;17.99;46158327
20120418;18.15;18.45;17.74;18.25;43571211
20120419;18.18;18.88;17.77;18.38;50463985
20120420;17.97;18;17.57;17.77;41332799
20120423;18.67;19.03;18.24;18.36;45777537
20120424;18.26;18.38;17.91;17.91;29370929
20120425;17.2;17.27;16.77;16.82;43988802
20120426;16.85;16.94;16.08;16.23;39980832
20120427;16.18;16.52;16.05;16.19;36192238
20120430;16.4;16.66;16.28;16.55;29114157
20120501;16.51;16.57;15.83;16.01;32893165
20120502;16.39;16.56;16.02;16.19;29862466
20120503;16.05;16.75;15.94;16.54;37494578
20120504;16.7;17.5;16.64;17.23;45982759
20120507;17.65;17.7;16.77;16.96;36433624
20120508;17.31;18.2;17.01;17.12;60296982
20120509;17.96;18.3;17.21;17.75;60158092
20120510;17.24;17.48;16.99;17.21;38629147
20120511;17.66;17.69;16.91;17.48;35889472
20120514;18.22;18.5;17.96;18.45;52254121
20120515;18.53;19.47;18.18;19.43;57437213
20120516;19.1;20.15;18.78;20.07;59657078
20120517;19.92;21.04;19.66;21;76243620
20120518;20.88;22.79;20.73;22.36;89849994
20120521;22.27;22.58;19.89;19.9;74723442
20120522;19.68;21.27;18.77;20.61;53473825
20120523;21.16;21.8;20.04;20.27;90962507
20120524;20.13;21.2;19.99;20.42;57873897
20120525;20.4;20.53;20.1;20.21;35833502
20120529;19.61;20;19.17;19.22;43664584
20120530;19.76;20.56;19.76;20.55;52006188
20120531;20.72;21.78;20.11;20.82;63735465
20120601;22.39;22.65;21.77;22.58;76256424
20120604;22.12;22.88;21.6;21.67;59941016
20120605;21.88;21.91;21.02;21.17;46854453
20120606;20.53;20.7;19.64;19.65;47453727
20120607;18.78;19.59;18.66;19.46;59257448
20120608;19.57;19.68;18.4;18.4;45067019
20120611;17.75;20.01;17.62;19.95;59774664
20120612;19.8;20.49;19.48;19.6;62566938
20120613;20.08;20.93;19.52;20.6;55539551
20120614;20.44;20.76;19.3;19.33;61892450
20120615;19.14;19.42;18.16;18.49;48195865
20120618;18.39;18.56;16.92;16.97;65097144
20120619;16.37;16.88;16.27;16.63;50956730
20120620;16.6;17.25;15.91;15.93;68216881
20120621;15.93;17.71;15.76;17.7;66491008
20120622;17.04;17.35;15.8;15.89;55283067
20120625;16.98;17.38;16.87;17.14;38209080
20120626;16.67;17.35;16.44;16.67;43097334
20120627;16.41;16.84;16.18;16.81;30160263
20120628;16.97;17.3;16.24;16.26;50006787
20120629;15.33;15.58;15.11;15.21;54057594
20120702;14.87;15.07;14.17;14.22;52236913
20120703;14.12;14.15;13.7;13.9;27828766
20120705;13.99;14.56;13.99;14.4;43411871
20120706;14.81;14.83;14.21;14.26;34635890
20120709;14.17;14.5;13.98;14.14;28182406
20120710;13.91;14.78;13.7;14.53;45394800
20120711;14.49;14.74;13.91;14.06;39126481
20120712;14.38;14.72;13.84;14.14;43828502
20120713;13.97;13.99;13.34;13.35;44669526
20120716;13.32;13.5;13.06;13.18;29908213
20120717;12.99;13.37;12.62;12.7;46699995
20120718;12.79;12.94;12.5;12.85;35310720
20120719;12.78;13.05;12.55;12.55;32447960
20120720;12.94;13.34;12.75;13.2;44273750
